GEOID,concept,total_pop,label,tract,estimate,pct
37081010100,All Population,1225,10th grade,"Census Tract 101, Guilford County, North Carolina",80,0.0653061224489796
37081010100,All Population,1225,11th grade,"Census Tract 101, Guilford County, North Carolina",45,0.036734693877551024
37081010100,All Population,1225,"12th grade, no diploma","Census Tract 101, Guilford County, North Carolina",29,0.0236734693877551
37081010100,All Population,1225,5th and 6th grade,"Census Tract 101, Guilford County, North Carolina",51,0.04163265306122449
37081010100,All Population,1225,7th and 8th grade,"Census Tract 101, Guilford County, North Carolina",79,0.06448979591836734
37081010100,All Population,1225,9th grade,"Census Tract 101, Guilford County, North Carolina",53,0.04326530612244898
37081010100,All Population,1225,Associate's degree,"Census Tract 101, Guilford County, North Carolina",41,0.03346938775510204
37081010100,All Population,1225,Bachelor's degree,"Census Tract 101, Guilford County, North Carolina",85,0.06938775510204082
37081010100,All Population,1225,Doctorate degree,"Census Tract 101, Guilford County, North Carolina",0,0
37081010100,All Population,1225,High school graduate (includes equivalency),"Census Tract 101, Guilford County, North Carolina",464,0.3787755102040816
37081010100,All Population,1225,Master's degree,"Census Tract 101, Guilford County, North Carolina",27,0.022040816326530613
37081010100,All Population,1225,No schooling completed,"Census Tract 101, Guilford County, North Carolina",34,0.027755102040816326
37081010100,All Population,1225,Nursery to 4th grade,"Census Tract 101, Guilford County, North Carolina",7,0.005714285714285714
37081010100,All Population,1225,Professional school degree,"Census Tract 101, Guilford County, North Carolina",9,0.007346938775510204
37081010100,All Population,1225,"Some college, 1 or more years, no degree","Census Tract 101, Guilford County, North Carolina",197,0.16081632653061226
37081010100,All Population,1225,"Some college, less than 1 year","Census Tract 101, Guilford County, North Carolina",24,0.019591836734693877
37081010100,All Population,1225,Total Population,"Census Tract 101, Guilford County, North Carolina",1225,1
37081010200,All Population,3550,10th grade,"Census Tract 102, Guilford County, North Carolina",95,0.02676056338028169
37081010200,All Population,3550,11th grade,"Census Tract 102, Guilford County, North Carolina",43,0.012112676056338029
37081010200,All Population,3550,"12th grade, no diploma","Census Tract 102, Guilford County, North Carolina",124,0.03492957746478873
37081010200,All Population,3550,5th and 6th grade,"Census Tract 102, Guilford County, North Carolina",87,0.024507042253521127
37081010200,All Population,3550,7th and 8th grade,"Census Tract 102, Guilford County, North Carolina",0,0
37081010200,All Population,3550,9th grade,"Census Tract 102, Guilford County, North Carolina",86,0.024225352112676058
37081010200,All Population,3550,Associate's degree,"Census Tract 102, Guilford County, North Carolina",180,0.05070422535211268
37081010200,All Population,3550,Bachelor's degree,"Census Tract 102, Guilford County, North Carolina",505,0.14225352112676057
37081010200,All Population,3550,Doctorate degree,"Census Tract 102, Guilford County, North Carolina",0,0
37081010200,All Population,3550,High school graduate (includes equivalency),"Census Tract 102, Guilford County, North Carolina",831,0.23408450704225353
37081010200,All Population,3550,Master's degree,"Census Tract 102, Guilford County, North Carolina",372,0.1047887323943662
37081010200,All Population,3550,No schooling completed,"Census Tract 102, Guilford County, North Carolina",22,0.006197183098591549
37081010200,All Population,3550,Nursery to 4th grade,"Census Tract 102, Guilford County, North Carolina",84,0.023661971830985916
37081010200,All Population,3550,Professional school degree,"Census Tract 102, Guilford County, North Carolina",103,0.029014084507042254
37081010200,All Population,3550,"Some college, 1 or more years, no degree","Census Tract 102, Guilford County, North Carolina",715,0.20140845070422536
37081010200,All Population,3550,"Some college, less than 1 year","Census Tract 102, Guilford County, North Carolina",303,0.08535211267605634
37081010200,All Population,3550,Total Population,"Census Tract 102, Guilford County, North Carolina",3550,1
37081010300,All Population,1657,10th grade,"Census Tract 103, Guilford County, North Carolina",63,0.038020519010259504
37081010300,All Population,1657,11th grade,"Census Tract 103, Guilford County, North Carolina",81,0.04888352444176222
37081010300,All Population,1657,"12th grade, no diploma","Census Tract 103, Guilford County, North Carolina",40,0.024140012070006035
37081010300,All Population,1657,5th and 6th grade,"Census Tract 103, Guilford County, North Carolina",41,0.024743512371756187
37081010300,All Population,1657,7th and 8th grade,"Census Tract 103, Guilford County, North Carolina",38,0.022933011466505733
37081010300,All Population,1657,9th grade,"Census Tract 103, Guilford County, North Carolina",57,0.0343995171997586
37081010300,All Population,1657,Associate's degree,"Census Tract 103, Guilford County, North Carolina",66,0.039831019915509955
37081010300,All Population,1657,Bachelor's degree,"Census Tract 103, Guilford County, North Carolina",130,0.07845503922751962
37081010300,All Population,1657,Doctorate degree,"Census Tract 103, Guilford County, North Carolina",0,0
37081010300,All Population,1657,High school graduate (includes equivalency),"Census Tract 103, Guilford County, North Carolina",625,0.3771876885938443
37081010300,All Population,1657,Master's degree,"Census Tract 103, Guilford County, North Carolina",35,0.02112251056125528
37081010300,All Population,1657,No schooling completed,"Census Tract 103, Guilford County, North Carolina",168,0.10138805069402534
37081010300,All Population,1657,Nursery to 4th grade,"Census Tract 103, Guilford County, North Carolina",16,0.009656004828002414
37081010300,All Population,1657,Professional school degree,"Census Tract 103, Guilford County, North Carolina",23,0.01388050694025347
37081010300,All Population,1657,"Some college, 1 or more years, no degree","Census Tract 103, Guilford County, North Carolina",241,0.14544357272178637
37081010300,All Population,1657,"Some college, less than 1 year","Census Tract 103, Guilford County, North Carolina",33,0.019915509957754977
37081010300,All Population,1657,Total Population,"Census Tract 103, Guilford County, North Carolina",1657,1
37081010401,All Population,1149,10th grade,"Census Tract 104.01, Guilford County, North Carolina",7,0.006092254134029591
37081010401,All Population,1149,11th grade,"Census Tract 104.01, Guilford County, North Carolina",15,0.013054830287206266
37081010401,All Population,1149,"12th grade, no diploma","Census Tract 104.01, Guilford County, North Carolina",6,0.005221932114882507
37081010401,All Population,1149,5th and 6th grade,"Census Tract 104.01, Guilford County, North Carolina",0,0
37081010401,All Population,1149,7th and 8th grade,"Census Tract 104.01, Guilford County, North Carolina",7,0.006092254134029591
37081010401,All Population,1149,9th grade,"Census Tract 104.01, Guilford County, North Carolina",13,0.011314186248912098
37081010401,All Population,1149,Associate's degree,"Census Tract 104.01, Guilford County, North Carolina",60,0.05221932114882506
37081010401,All Population,1149,Bachelor's degree,"Census Tract 104.01, Guilford County, North Carolina",519,0.4516971279373368
37081010401,All Population,1149,Doctorate degree,"Census Tract 104.01, Guilford County, North Carolina",26,0.022628372497824196
37081010401,All Population,1149,High school graduate (includes equivalency),"Census Tract 104.01, Guilford County, North Carolina",109,0.09486510008703221
37081010401,All Population,1149,Master's degree,"Census Tract 104.01, Guilford County, North Carolina",215,0.18711923411662315
37081010401,All Population,1149,No schooling completed,"Census Tract 104.01, Guilford County, North Carolina",18,0.015665796344647518
37081010401,All Population,1149,Nursery to 4th grade,"Census Tract 104.01, Guilford County, North Carolina",0,0
37081010401,All Population,1149,Professional school degree,"Census Tract 104.01, Guilford County, North Carolina",61,0.05308964316797215
37081010401,All Population,1149,"Some college, 1 or more years, no degree","Census Tract 104.01, Guilford County, North Carolina",64,0.0557006092254134
37081010401,All Population,1149,"Some college, less than 1 year","Census Tract 104.01, Guilford County, North Carolina",29,0.025239338555265448
37081010401,All Population,1149,Total Population,"Census Tract 104.01, Guilford County, North Carolina",1149,1
37081010403,All Population,1176,10th grade,"Census Tract 104.03, Guilford County, North Carolina",5,0.004251700680272109
37081010403,All Population,1176,11th grade,"Census Tract 104.03, Guilford County, North Carolina",0,0
37081010403,All Population,1176,"12th grade, no diploma","Census Tract 104.03, Guilford County, North Carolina",3,0.002551020408163265
37081010403,All Population,1176,5th and 6th grade,"Census Tract 104.03, Guilford County, North Carolina",1,8.503401360544217e-4
37081010403,All Population,1176,7th and 8th grade,"Census Tract 104.03, Guilford County, North Carolina",0,0
37081010403,All Population,1176,9th grade,"Census Tract 104.03, Guilford County, North Carolina",2,0.0017006802721088435
37081010403,All Population,1176,Associate's degree,"Census Tract 104.03, Guilford County, North Carolina",61,0.05187074829931973
37081010403,All Population,1176,Bachelor's degree,"Census Tract 104.03, Guilford County, North Carolina",448,0.38095238095238093
37081010403,All Population,1176,Doctorate degree,"Census Tract 104.03, Guilford County, North Carolina",16,0.013605442176870748
37081010403,All Population,1176,High school graduate (includes equivalency),"Census Tract 104.03, Guilford County, North Carolina",255,0.21683673469387754
37081010403,All Population,1176,Master's degree,"Census Tract 104.03, Guilford County, North Carolina",91,0.07738095238095238
37081010403,All Population,1176,No schooling completed,"Census Tract 104.03, Guilford County, North Carolina",19,0.016156462585034014
37081010403,All Population,1176,Nursery to 4th grade,"Census Tract 104.03, Guilford County, North Carolina",0,0
37081010403,All Population,1176,Professional school degree,"Census Tract 104.03, Guilford County, North Carolina",35,0.02976190476190476
37081010403,All Population,1176,"Some college, 1 or more years, no degree","Census Tract 104.03, Guilford County, North Carolina",200,0.17006802721088435
37081010403,All Population,1176,"Some college, less than 1 year","Census Tract 104.03, Guilford County, North Carolina",40,0.034013605442176874
37081010403,All Population,1176,Total Population,"Census Tract 104.03, Guilford County, North Carolina",1176,1
37081010404,All Population,1805,10th grade,"Census Tract 104.04, Guilford County, North Carolina",0,0
37081010404,All Population,1805,11th grade,"Census Tract 104.04, Guilford County, North Carolina",28,0.01551246537396122
37081010404,All Population,1805,"12th grade, no diploma","Census Tract 104.04, Guilford County, North Carolina",0,0
37081010404,All Population,1805,5th and 6th grade,"Census Tract 104.04, Guilford County, North Carolina",0,0
37081010404,All Population,1805,7th and 8th grade,"Census Tract 104.04, Guilford County, North Carolina",0,0
37081010404,All Population,1805,9th grade,"Census Tract 104.04, Guilford County, North Carolina",10,0.00554016620498615
37081010404,All Population,1805,Associate's degree,"Census Tract 104.04, Guilford County, North Carolina",100,0.055401662049861494
37081010404,All Population,1805,Bachelor's degree,"Census Tract 104.04, Guilford County, North Carolina",836,0.4631578947368421
37081010404,All Population,1805,Doctorate degree,"Census Tract 104.04, Guilford County, North Carolina",26,0.014404432132963989
37081010404,All Population,1805,High school graduate (includes equivalency),"Census Tract 104.04, Guilford County, North Carolina",119,0.06592797783933518
37081010404,All Population,1805,Master's degree,"Census Tract 104.04, Guilford County, North Carolina",341,0.1889196675900277
37081010404,All Population,1805,No schooling completed,"Census Tract 104.04, Guilford County, North Carolina",0,0
37081010404,All Population,1805,Nursery to 4th grade,"Census Tract 104.04, Guilford County, North Carolina",0,0
37081010404,All Population,1805,Professional school degree,"Census Tract 104.04, Guilford County, North Carolina",209,0.11578947368421053
37081010404,All Population,1805,"Some college, 1 or more years, no degree","Census Tract 104.04, Guilford County, North Carolina",118,0.06537396121883657
37081010404,All Population,1805,"Some college, less than 1 year","Census Tract 104.04, Guilford County, North Carolina",18,0.009972299168975069
37081010404,All Population,1805,Total Population,"Census Tract 104.04, Guilford County, North Carolina",1805,1
37081010500,All Population,1888,10th grade,"Census Tract 105, Guilford County, North Carolina",25,0.013241525423728813
37081010500,All Population,1888,11th grade,"Census Tract 105, Guilford County, North Carolina",6,0.0031779661016949155
37081010500,All Population,1888,"12th grade, no diploma","Census Tract 105, Guilford County, North Carolina",5,0.0026483050847457626
37081010500,All Population,1888,5th and 6th grade,"Census Tract 105, Guilford County, North Carolina",0,0
37081010500,All Population,1888,7th and 8th grade,"Census Tract 105, Guilford County, North Carolina",0,0
37081010500,All Population,1888,9th grade,"Census Tract 105, Guilford County, North Carolina",0,0
37081010500,All Population,1888,Associate's degree,"Census Tract 105, Guilford County, North Carolina",99,0.0524364406779661
37081010500,All Population,1888,Bachelor's degree,"Census Tract 105, Guilford County, North Carolina",672,0.3559322033898305
37081010500,All Population,1888,Doctorate degree,"Census Tract 105, Guilford County, North Carolina",109,0.057733050847457626
37081010500,All Population,1888,High school graduate (includes equivalency),"Census Tract 105, Guilford County, North Carolina",215,0.1138771186440678
37081010500,All Population,1888,Master's degree,"Census Tract 105, Guilford County, North Carolina",353,0.18697033898305085
37081010500,All Population,1888,No schooling completed,"Census Tract 105, Guilford County, North Carolina",0,0
37081010500,All Population,1888,Nursery to 4th grade,"Census Tract 105, Guilford County, North Carolina",0,0
37081010500,All Population,1888,Professional school degree,"Census Tract 105, Guilford County, North Carolina",77,0.04078389830508475
37081010500,All Population,1888,"Some college, 1 or more years, no degree","Census Tract 105, Guilford County, North Carolina",282,0.149364406779661
37081010500,All Population,1888,"Some college, less than 1 year","Census Tract 105, Guilford County, North Carolina",45,0.023834745762711863
37081010500,All Population,1888,Total Population,"Census Tract 105, Guilford County, North Carolina",1888,1
37081010601,All Population,1896,10th grade,"Census Tract 106.01, Guilford County, North Carolina",0,0
37081010601,All Population,1896,11th grade,"Census Tract 106.01, Guilford County, North Carolina",6,0.0031645569620253164
37081010601,All Population,1896,"12th grade, no diploma","Census Tract 106.01, Guilford County, North Carolina",11,0.0058016877637130804
37081010601,All Population,1896,5th and 6th grade,"Census Tract 106.01, Guilford County, North Carolina",5,0.0026371308016877636
37081010601,All Population,1896,7th and 8th grade,"Census Tract 106.01, Guilford County, North Carolina",35,0.018459915611814346
37081010601,All Population,1896,9th grade,"Census Tract 106.01, Guilford County, North Carolina",10,0.005274261603375527
37081010601,All Population,1896,Associate's degree,"Census Tract 106.01, Guilford County, North Carolina",146,0.0770042194092827
37081010601,All Population,1896,Bachelor's degree,"Census Tract 106.01, Guilford County, North Carolina",593,0.31276371308016876
37081010601,All Population,1896,Doctorate degree,"Census Tract 106.01, Guilford County, North Carolina",30,0.015822784810126583
37081010601,All Population,1896,High school graduate (includes equivalency),"Census Tract 106.01, Guilford County, North Carolina",305,0.1608649789029536
37081010601,All Population,1896,Master's degree,"Census Tract 106.01, Guilford County, North Carolina",289,0.15242616033755274
37081010601,All Population,1896,No schooling completed,"Census Tract 106.01, Guilford County, North Carolina",22,0.011603375527426161
37081010601,All Population,1896,Nursery to 4th grade,"Census Tract 106.01, Guilford County, North Carolina",0,0
37081010601,All Population,1896,Professional school degree,"Census Tract 106.01, Guilford County, North Carolina",25,0.013185654008438819
37081010601,All Population,1896,"Some college, 1 or more years, no degree","Census Tract 106.01, Guilford County, North Carolina",371,0.19567510548523206
37081010601,All Population,1896,"Some college, less than 1 year","Census Tract 106.01, Guilford County, North Carolina",48,0.02531645569620253
37081010601,All Population,1896,Total Population,"Census Tract 106.01, Guilford County, North Carolina",1896,1
37081010602,All Population,1805,10th grade,"Census Tract 106.02, Guilford County, North Carolina",13,0.007202216066481994
37081010602,All Population,1805,11th grade,"Census Tract 106.02, Guilford County, North Carolina",93,0.05152354570637119
37081010602,All Population,1805,"12th grade, no diploma","Census Tract 106.02, Guilford County, North Carolina",0,0
37081010602,All Population,1805,5th and 6th grade,"Census Tract 106.02, Guilford County, North Carolina",0,0
37081010602,All Population,1805,7th and 8th grade,"Census Tract 106.02, Guilford County, North Carolina",0,0
37081010602,All Population,1805,9th grade,"Census Tract 106.02, Guilford County, North Carolina",0,0
37081010602,All Population,1805,Associate's degree,"Census Tract 106.02, Guilford County, North Carolina",124,0.06869806094182826
37081010602,All Population,1805,Bachelor's degree,"Census Tract 106.02, Guilford County, North Carolina",674,0.3734072022160665
37081010602,All Population,1805,Doctorate degree,"Census Tract 106.02, Guilford County, North Carolina",163,0.09030470914127424
37081010602,All Population,1805,High school graduate (includes equivalency),"Census Tract 106.02, Guilford County, North Carolina",46,0.02548476454293629
37081010602,All Population,1805,Master's degree,"Census Tract 106.02, Guilford County, North Carolina",169,0.09362880886426593
37081010602,All Population,1805,No schooling completed,"Census Tract 106.02, Guilford County, North Carolina",0,0
37081010602,All Population,1805,Nursery to 4th grade,"Census Tract 106.02, Guilford County, North Carolina",0,0
37081010602,All Population,1805,Professional school degree,"Census Tract 106.02, Guilford County, North Carolina",28,0.01551246537396122
37081010602,All Population,1805,"Some college, 1 or more years, no degree","Census Tract 106.02, Guilford County, North Carolina",451,0.24986149584487535
37081010602,All Population,1805,"Some college, less than 1 year","Census Tract 106.02, Guilford County, North Carolina",44,0.02437673130193906
37081010602,All Population,1805,Total Population,"Census Tract 106.02, Guilford County, North Carolina",1805,1
37081010701,All Population,1458,10th grade,"Census Tract 107.01, Guilford County, North Carolina",28,0.019204389574759947
37081010701,All Population,1458,11th grade,"Census Tract 107.01, Guilford County, North Carolina",27,0.018518518518518517
37081010701,All Population,1458,"12th grade, no diploma","Census Tract 107.01, Guilford County, North Carolina",17,0.011659807956104253
37081010701,All Population,1458,5th and 6th grade,"Census Tract 107.01, Guilford County, North Carolina",0,0
37081010701,All Population,1458,7th and 8th grade,"Census Tract 107.01, Guilford County, North Carolina",0,0
37081010701,All Population,1458,9th grade,"Census Tract 107.01, Guilford County, North Carolina",6,0.00411522633744856
37081010701,All Population,1458,Associate's degree,"Census Tract 107.01, Guilford County, North Carolina",118,0.08093278463648834
37081010701,All Population,1458,Bachelor's degree,"Census Tract 107.01, Guilford County, North Carolina",476,0.32647462277091904
37081010701,All Population,1458,Doctorate degree,"Census Tract 107.01, Guilford County, North Carolina",110,0.07544581618655692
37081010701,All Population,1458,High school graduate (includes equivalency),"Census Tract 107.01, Guilford County, North Carolina",126,0.08641975308641975
37081010701,All Population,1458,Master's degree,"Census Tract 107.01, Guilford County, North Carolina",356,0.24417009602194786
37081010701,All Population,1458,No schooling completed,"Census Tract 107.01, Guilford County, North Carolina",3,0.00205761316872428
37081010701,All Population,1458,Nursery to 4th grade,"Census Tract 107.01, Guilford County, North Carolina",0,0
37081010701,All Population,1458,Professional school degree,"Census Tract 107.01, Guilford County, North Carolina",19,0.013031550068587106
37081010701,All Population,1458,"Some college, 1 or more years, no degree","Census Tract 107.01, Guilford County, North Carolina",132,0.09053497942386832
37081010701,All Population,1458,"Some college, less than 1 year","Census Tract 107.01, Guilford County, North Carolina",40,0.027434842249657063
37081010701,All Population,1458,Total Population,"Census Tract 107.01, Guilford County, North Carolina",1458,1
37081010702,All Population,701,10th grade,"Census Tract 107.02, Guilford County, North Carolina",0,0
37081010702,All Population,701,11th grade,"Census Tract 107.02, Guilford County, North Carolina",0,0
37081010702,All Population,701,"12th grade, no diploma","Census Tract 107.02, Guilford County, North Carolina",0,0
37081010702,All Population,701,5th and 6th grade,"Census Tract 107.02, Guilford County, North Carolina",0,0
37081010702,All Population,701,7th and 8th grade,"Census Tract 107.02, Guilford County, North Carolina",0,0
37081010702,All Population,701,9th grade,"Census Tract 107.02, Guilford County, North Carolina",0,0
37081010702,All Population,701,Associate's degree,"Census Tract 107.02, Guilford County, North Carolina",11,0.015691868758915834
37081010702,All Population,701,Bachelor's degree,"Census Tract 107.02, Guilford County, North Carolina",328,0.46790299572039945
37081010702,All Population,701,Doctorate degree,"Census Tract 107.02, Guilford County, North Carolina",37,0.052781740370898715
37081010702,All Population,701,High school graduate (includes equivalency),"Census Tract 107.02, Guilford County, North Carolina",28,0.039942938659058486
37081010702,All Population,701,Master's degree,"Census Tract 107.02, Guilford County, North Carolina",99,0.14122681883024252
37081010702,All Population,701,No schooling completed,"Census Tract 107.02, Guilford County, North Carolina",2,0.0028530670470756064
37081010702,All Population,701,Nursery to 4th grade,"Census Tract 107.02, Guilford County, North Carolina",0,0
37081010702,All Population,701,Professional school degree,"Census Tract 107.02, Guilford County, North Carolina",28,0.039942938659058486
37081010702,All Population,701,"Some college, 1 or more years, no degree","Census Tract 107.02, Guilford County, North Carolina",132,0.18830242510699002
37081010702,All Population,701,"Some college, less than 1 year","Census Tract 107.02, Guilford County, North Carolina",36,0.05135520684736091
37081010702,All Population,701,Total Population,"Census Tract 107.02, Guilford County, North Carolina",701,1
37081010800,All Population,2533,10th grade,"Census Tract 108, Guilford County, North Carolina",69,0.027240426371891037
37081010800,All Population,2533,11th grade,"Census Tract 108, Guilford County, North Carolina",55,0.021713383339913146
37081010800,All Population,2533,"12th grade, no diploma","Census Tract 108, Guilford County, North Carolina",44,0.017370706671930518
37081010800,All Population,2533,5th and 6th grade,"Census Tract 108, Guilford County, North Carolina",0,0
37081010800,All Population,2533,7th and 8th grade,"Census Tract 108, Guilford County, North Carolina",8,0.0031583103039873666
37081010800,All Population,2533,9th grade,"Census Tract 108, Guilford County, North Carolina",111,0.043821555467824715
37081010800,All Population,2533,Associate's degree,"Census Tract 108, Guilford County, North Carolina",195,0.07698381365969206
37081010800,All Population,2533,Bachelor's degree,"Census Tract 108, Guilford County, North Carolina",588,0.23213580734307146
37081010800,All Population,2533,Doctorate degree,"Census Tract 108, Guilford County, North Carolina",103,0.04066324516383735
37081010800,All Population,2533,High school graduate (includes equivalency),"Census Tract 108, Guilford County, North Carolina",562,0.2218712988551125
37081010800,All Population,2533,Master's degree,"Census Tract 108, Guilford County, North Carolina",267,0.10540860639557836
37081010800,All Population,2533,No schooling completed,"Census Tract 108, Guilford County, North Carolina",0,0
37081010800,All Population,2533,Nursery to 4th grade,"Census Tract 108, Guilford County, North Carolina",7,0.0027635215159889457
37081010800,All Population,2533,Professional school degree,"Census Tract 108, Guilford County, North Carolina",135,0.05329648637978682
37081010800,All Population,2533,"Some college, 1 or more years, no degree","Census Tract 108, Guilford County, North Carolina",345,0.13620213185945518
37081010800,All Population,2533,"Some college, less than 1 year","Census Tract 108, Guilford County, North Carolina",44,0.017370706671930518
37081010800,All Population,2533,Total Population,"Census Tract 108, Guilford County, North Carolina",2533,1
37081010900,All Population,1348,10th grade,"Census Tract 109, Guilford County, North Carolina",0,0
37081010900,All Population,1348,11th grade,"Census Tract 109, Guilford County, North Carolina",30,0.02225519287833828
37081010900,All Population,1348,"12th grade, no diploma","Census Tract 109, Guilford County, North Carolina",0,0
37081010900,All Population,1348,5th and 6th grade,"Census Tract 109, Guilford County, North Carolina",0,0
37081010900,All Population,1348,7th and 8th grade,"Census Tract 109, Guilford County, North Carolina",0,0
37081010900,All Population,1348,9th grade,"Census Tract 109, Guilford County, North Carolina",8,0.005934718100890208
37081010900,All Population,1348,Associate's degree,"Census Tract 109, Guilford County, North Carolina",75,0.055637982195845696
37081010900,All Population,1348,Bachelor's degree,"Census Tract 109, Guilford County, North Carolina",422,0.31305637982195844
37081010900,All Population,1348,Doctorate degree,"Census Tract 109, Guilford County, North Carolina",65,0.04821958456973294
37081010900,All Population,1348,High school graduate (includes equivalency),"Census Tract 109, Guilford County, North Carolina",139,0.10311572700296735
37081010900,All Population,1348,Master's degree,"Census Tract 109, Guilford County, North Carolina",197,0.14614243323442136
37081010900,All Population,1348,No schooling completed,"Census Tract 109, Guilford County, North Carolina",9,0.0066765578635014835
37081010900,All Population,1348,Nursery to 4th grade,"Census Tract 109, Guilford County, North Carolina",0,0
37081010900,All Population,1348,Professional school degree,"Census Tract 109, Guilford County, North Carolina",55,0.04080118694362018
37081010900,All Population,1348,"Some college, 1 or more years, no degree","Census Tract 109, Guilford County, North Carolina",332,0.24629080118694363
37081010900,All Population,1348,"Some college, less than 1 year","Census Tract 109, Guilford County, North Carolina",16,0.011869436201780416
37081010900,All Population,1348,Total Population,"Census Tract 109, Guilford County, North Carolina",1348,1
37081011000,All Population,851,10th grade,"Census Tract 110, Guilford County, North Carolina",34,0.0399529964747356
37081011000,All Population,851,11th grade,"Census Tract 110, Guilford County, North Carolina",60,0.07050528789659224
37081011000,All Population,851,"12th grade, no diploma","Census Tract 110, Guilford County, North Carolina",9,0.010575793184488837
37081011000,All Population,851,5th and 6th grade,"Census Tract 110, Guilford County, North Carolina",18,0.021151586368977675
37081011000,All Population,851,7th and 8th grade,"Census Tract 110, Guilford County, North Carolina",7,0.008225616921269096
37081011000,All Population,851,9th grade,"Census Tract 110, Guilford County, North Carolina",14,0.01645123384253819
37081011000,All Population,851,Associate's degree,"Census Tract 110, Guilford County, North Carolina",60,0.07050528789659224
37081011000,All Population,851,Bachelor's degree,"Census Tract 110, Guilford County, North Carolina",86,0.10105757931844889
37081011000,All Population,851,Doctorate degree,"Census Tract 110, Guilford County, North Carolina",0,0
37081011000,All Population,851,High school graduate (includes equivalency),"Census Tract 110, Guilford County, North Carolina",290,0.3407755581668625
37081011000,All Population,851,Master's degree,"Census Tract 110, Guilford County, North Carolina",29,0.03407755581668625
37081011000,All Population,851,No schooling completed,"Census Tract 110, Guilford County, North Carolina",6,0.007050528789659225
37081011000,All Population,851,Nursery to 4th grade,"Census Tract 110, Guilford County, North Carolina",0,0
37081011000,All Population,851,Professional school degree,"Census Tract 110, Guilford County, North Carolina",0,0
37081011000,All Population,851,"Some college, 1 or more years, no degree","Census Tract 110, Guilford County, North Carolina",189,0.22209165687426558
37081011000,All Population,851,"Some college, less than 1 year","Census Tract 110, Guilford County, North Carolina",49,0.057579318448883664
37081011000,All Population,851,Total Population,"Census Tract 110, Guilford County, North Carolina",851,1
37081011101,All Population,2597,10th grade,"Census Tract 111.01, Guilford County, North Carolina",120,0.04620716211012707
37081011101,All Population,2597,11th grade,"Census Tract 111.01, Guilford County, North Carolina",116,0.044666923373122835
37081011101,All Population,2597,"12th grade, no diploma","Census Tract 111.01, Guilford County, North Carolina",47,0.01809780515979977
37081011101,All Population,2597,5th and 6th grade,"Census Tract 111.01, Guilford County, North Carolina",175,0.0673854447439353
37081011101,All Population,2597,7th and 8th grade,"Census Tract 111.01, Guilford County, North Carolina",51,0.019638043896804003
37081011101,All Population,2597,9th grade,"Census Tract 111.01, Guilford County, North Carolina",96,0.036965729688101655
37081011101,All Population,2597,Associate's degree,"Census Tract 111.01, Guilford County, North Carolina",152,0.058529072006160955
37081011101,All Population,2597,Bachelor's degree,"Census Tract 111.01, Guilford County, North Carolina",193,0.07431651906045438
37081011101,All Population,2597,Doctorate degree,"Census Tract 111.01, Guilford County, North Carolina",0,0
37081011101,All Population,2597,High school graduate (includes equivalency),"Census Tract 111.01, Guilford County, North Carolina",773,0.29765113592606857
37081011101,All Population,2597,Master's degree,"Census Tract 111.01, Guilford County, North Carolina",47,0.01809780515979977
37081011101,All Population,2597,No schooling completed,"Census Tract 111.01, Guilford County, North Carolina",72,0.027724297266076243
37081011101,All Population,2597,Nursery to 4th grade,"Census Tract 111.01, Guilford County, North Carolina",0,0
37081011101,All Population,2597,Professional school degree,"Census Tract 111.01, Guilford County, North Carolina",0,0
37081011101,All Population,2597,"Some college, 1 or more years, no degree","Census Tract 111.01, Guilford County, North Carolina",587,0.22603003465537158
37081011101,All Population,2597,"Some college, less than 1 year","Census Tract 111.01, Guilford County, North Carolina",168,0.0646900269541779
37081011101,All Population,2597,Total Population,"Census Tract 111.01, Guilford County, North Carolina",2597,1
37081011102,All Population,1828,10th grade,"Census Tract 111.02, Guilford County, North Carolina",91,0.049781181619256015
37081011102,All Population,1828,11th grade,"Census Tract 111.02, Guilford County, North Carolina",6,0.0032822757111597373
37081011102,All Population,1828,"12th grade, no diploma","Census Tract 111.02, Guilford County, North Carolina",19,0.010393873085339168
37081011102,All Population,1828,5th and 6th grade,"Census Tract 111.02, Guilford County, North Carolina",0,0
37081011102,All Population,1828,7th and 8th grade,"Census Tract 111.02, Guilford County, North Carolina",64,0.0350109409190372
37081011102,All Population,1828,9th grade,"Census Tract 111.02, Guilford County, North Carolina",22,0.012035010940919038
37081011102,All Population,1828,Associate's degree,"Census Tract 111.02, Guilford County, North Carolina",111,0.06072210065645514
37081011102,All Population,1828,Bachelor's degree,"Census Tract 111.02, Guilford County, North Carolina",208,0.1137855579868709
37081011102,All Population,1828,Doctorate degree,"Census Tract 111.02, Guilford County, North Carolina",0,0
37081011102,All Population,1828,High school graduate (includes equivalency),"Census Tract 111.02, Guilford County, North Carolina",583,0.3189277899343545
37081011102,All Population,1828,Master's degree,"Census Tract 111.02, Guilford County, North Carolina",61,0.03336980306345733
37081011102,All Population,1828,No schooling completed,"Census Tract 111.02, Guilford County, North Carolina",23,0.012582056892778994
37081011102,All Population,1828,Nursery to 4th grade,"Census Tract 111.02, Guilford County, North Carolina",46,0.02516411378555799
37081011102,All Population,1828,Professional school degree,"Census Tract 111.02, Guilford County, North Carolina",0,0
37081011102,All Population,1828,"Some college, 1 or more years, no degree","Census Tract 111.02, Guilford County, North Carolina",392,0.21444201312910285
37081011102,All Population,1828,"Some college, less than 1 year","Census Tract 111.02, Guilford County, North Carolina",202,0.11050328227571116
37081011102,All Population,1828,Total Population,"Census Tract 111.02, Guilford County, North Carolina",1828,1
37081011200,All Population,3271,10th grade,"Census Tract 112, Guilford County, North Carolina",161,0.04922042188933048
37081011200,All Population,3271,11th grade,"Census Tract 112, Guilford County, North Carolina",17,0.005197187404463467
37081011200,All Population,3271,"12th grade, no diploma","Census Tract 112, Guilford County, North Carolina",35,0.010700091715071844
37081011200,All Population,3271,5th and 6th grade,"Census Tract 112, Guilford County, North Carolina",17,0.005197187404463467
37081011200,All Population,3271,7th and 8th grade,"Census Tract 112, Guilford County, North Carolina",82,0.025068786303882606
37081011200,All Population,3271,9th grade,"Census Tract 112, Guilford County, North Carolina",173,0.0528890247630694
37081011200,All Population,3271,Associate's degree,"Census Tract 112, Guilford County, North Carolina",144,0.044023234484867016
37081011200,All Population,3271,Bachelor's degree,"Census Tract 112, Guilford County, North Carolina",224,0.0684805869764598
37081011200,All Population,3271,Doctorate degree,"Census Tract 112, Guilford County, North Carolina",57,0.01742586365025986
37081011200,All Population,3271,High school graduate (includes equivalency),"Census Tract 112, Guilford County, North Carolina",963,0.2944053806175482
37081011200,All Population,3271,Master's degree,"Census Tract 112, Guilford County, North Carolina",102,0.0311831244267808
37081011200,All Population,3271,No schooling completed,"Census Tract 112, Guilford County, North Carolina",67,0.020483032711708957
37081011200,All Population,3271,Nursery to 4th grade,"Census Tract 112, Guilford County, North Carolina",0,0
37081011200,All Population,3271,Professional school degree,"Census Tract 112, Guilford County, North Carolina",0,0
37081011200,All Population,3271,"Some college, 1 or more years, no degree","Census Tract 112, Guilford County, North Carolina",828,0.2531335982879853
37081011200,All Population,3271,"Some college, less than 1 year","Census Tract 112, Guilford County, North Carolina",401,0.12259247936410883
37081011200,All Population,3271,Total Population,"Census Tract 112, Guilford County, North Carolina",3271,1
37081011300,All Population,2028,10th grade,"Census Tract 113, Guilford County, North Carolina",54,0.026627218934911243
37081011300,All Population,2028,11th grade,"Census Tract 113, Guilford County, North Carolina",128,0.0631163708086785
37081011300,All Population,2028,"12th grade, no diploma","Census Tract 113, Guilford County, North Carolina",68,0.03353057199211045
37081011300,All Population,2028,5th and 6th grade,"Census Tract 113, Guilford County, North Carolina",8,0.0039447731755424065
37081011300,All Population,2028,7th and 8th grade,"Census Tract 113, Guilford County, North Carolina",48,0.023668639053254437
37081011300,All Population,2028,9th grade,"Census Tract 113, Guilford County, North Carolina",40,0.01972386587771203
37081011300,All Population,2028,Associate's degree,"Census Tract 113, Guilford County, North Carolina",121,0.059664694280078895
37081011300,All Population,2028,Bachelor's degree,"Census Tract 113, Guilford County, North Carolina",215,0.10601577909270217
37081011300,All Population,2028,Doctorate degree,"Census Tract 113, Guilford County, North Carolina",33,0.016272189349112426
37081011300,All Population,2028,High school graduate (includes equivalency),"Census Tract 113, Guilford County, North Carolina",607,0.29930966469428005
37081011300,All Population,2028,Master's degree,"Census Tract 113, Guilford County, North Carolina",92,0.045364891518737675
37081011300,All Population,2028,No schooling completed,"Census Tract 113, Guilford County, North Carolina",25,0.01232741617357002
37081011300,All Population,2028,Nursery to 4th grade,"Census Tract 113, Guilford County, North Carolina",0,0
37081011300,All Population,2028,Professional school degree,"Census Tract 113, Guilford County, North Carolina",0,0
37081011300,All Population,2028,"Some college, 1 or more years, no degree","Census Tract 113, Guilford County, North Carolina",438,0.21597633136094674
37081011300,All Population,2028,"Some college, less than 1 year","Census Tract 113, Guilford County, North Carolina",151,0.07445759368836292
37081011300,All Population,2028,Total Population,"Census Tract 113, Guilford County, North Carolina",2028,1
37081011400,All Population,2567,10th grade,"Census Tract 114, Guilford County, North Carolina",104,0.04051421893260616
37081011400,All Population,2567,11th grade,"Census Tract 114, Guilford County, North Carolina",142,0.05531749123490456
37081011400,All Population,2567,"12th grade, no diploma","Census Tract 114, Guilford County, North Carolina",35,0.013634592910011687
37081011400,All Population,2567,5th and 6th grade,"Census Tract 114, Guilford County, North Carolina",43,0.01675107128944293
37081011400,All Population,2567,7th and 8th grade,"Census Tract 114, Guilford County, North Carolina",49,0.019088430074016362
37081011400,All Population,2567,9th grade,"Census Tract 114, Guilford County, North Carolina",110,0.04285157771717959
37081011400,All Population,2567,Associate's degree,"Census Tract 114, Guilford County, North Carolina",161,0.06271912738605376
37081011400,All Population,2567,Bachelor's degree,"Census Tract 114, Guilford County, North Carolina",163,0.06349824698091157
37081011400,All Population,2567,Doctorate degree,"Census Tract 114, Guilford County, North Carolina",0,0
37081011400,All Population,2567,High school graduate (includes equivalency),"Census Tract 114, Guilford County, North Carolina",975,0.37982080249318273
37081011400,All Population,2567,Master's degree,"Census Tract 114, Guilford County, North Carolina",64,0.024931827035449942
37081011400,All Population,2567,No schooling completed,"Census Tract 114, Guilford County, North Carolina",79,0.03077522399688352
37081011400,All Population,2567,Nursery to 4th grade,"Census Tract 114, Guilford County, North Carolina",0,0
37081011400,All Population,2567,Professional school degree,"Census Tract 114, Guilford County, North Carolina",6,0.002337358784573432
37081011400,All Population,2567,"Some college, 1 or more years, no degree","Census Tract 114, Guilford County, North Carolina",491,0.19127386053759252
37081011400,All Population,2567,"Some college, less than 1 year","Census Tract 114, Guilford County, North Carolina",145,0.05648617062719127
37081011400,All Population,2567,Total Population,"Census Tract 114, Guilford County, North Carolina",2567,1
37081011500,All Population,1561,10th grade,"Census Tract 115, Guilford County, North Carolina",60,0.03843689942344651
37081011500,All Population,1561,11th grade,"Census Tract 115, Guilford County, North Carolina",55,0.035233824471492634
37081011500,All Population,1561,"12th grade, no diploma","Census Tract 115, Guilford County, North Carolina",28,0.017937219730941704
37081011500,All Population,1561,5th and 6th grade,"Census Tract 115, Guilford County, North Carolina",23,0.014734144778987828
37081011500,All Population,1561,7th and 8th grade,"Census Tract 115, Guilford County, North Carolina",36,0.023062139654067906
37081011500,All Population,1561,9th grade,"Census Tract 115, Guilford County, North Carolina",38,0.024343369634849454
37081011500,All Population,1561,Associate's degree,"Census Tract 115, Guilford County, North Carolina",216,0.13837283792440744
37081011500,All Population,1561,Bachelor's degree,"Census Tract 115, Guilford County, North Carolina",90,0.057655349135169766
37081011500,All Population,1561,Doctorate degree,"Census Tract 115, Guilford County, North Carolina",46,0.029468289557975657
37081011500,All Population,1561,High school graduate (includes equivalency),"Census Tract 115, Guilford County, North Carolina",505,0.32351057014734147
37081011500,All Population,1561,Master's degree,"Census Tract 115, Guilford County, North Carolina",91,0.05829596412556054
37081011500,All Population,1561,No schooling completed,"Census Tract 115, Guilford County, North Carolina",9,0.005765534913516977
37081011500,All Population,1561,Nursery to 4th grade,"Census Tract 115, Guilford County, North Carolina",5,0.0032030749519538757
37081011500,All Population,1561,Professional school degree,"Census Tract 115, Guilford County, North Carolina",0,0
37081011500,All Population,1561,"Some college, 1 or more years, no degree","Census Tract 115, Guilford County, North Carolina",289,0.185137732222934
37081011500,All Population,1561,"Some college, less than 1 year","Census Tract 115, Guilford County, North Carolina",70,0.04484304932735426
37081011500,All Population,1561,Total Population,"Census Tract 115, Guilford County, North Carolina",1561,1
37081011601,All Population,1662,10th grade,"Census Tract 116.01, Guilford County, North Carolina",39,0.023465703971119134
37081011601,All Population,1662,11th grade,"Census Tract 116.01, Guilford County, North Carolina",34,0.02045728038507822
37081011601,All Population,1662,"12th grade, no diploma","Census Tract 116.01, Guilford County, North Carolina",54,0.032490974729241874
37081011601,All Population,1662,5th and 6th grade,"Census Tract 116.01, Guilford County, North Carolina",0,0
37081011601,All Population,1662,7th and 8th grade,"Census Tract 116.01, Guilford County, North Carolina",11,0.006618531889290012
37081011601,All Population,1662,9th grade,"Census Tract 116.01, Guilford County, North Carolina",43,0.025872442839951864
37081011601,All Population,1662,Associate's degree,"Census Tract 116.01, Guilford County, North Carolina",203,0.12214199759326114
37081011601,All Population,1662,Bachelor's degree,"Census Tract 116.01, Guilford County, North Carolina",285,0.17148014440433212
37081011601,All Population,1662,Doctorate degree,"Census Tract 116.01, Guilford County, North Carolina",12,0.007220216606498195
37081011601,All Population,1662,High school graduate (includes equivalency),"Census Tract 116.01, Guilford County, North Carolina",551,0.3315282791817088
37081011601,All Population,1662,Master's degree,"Census Tract 116.01, Guilford County, North Carolina",41,0.0246690734055355
37081011601,All Population,1662,No schooling completed,"Census Tract 116.01, Guilford County, North Carolina",18,0.010830324909747292
37081011601,All Population,1662,Nursery to 4th grade,"Census Tract 116.01, Guilford County, North Carolina",53,0.031889290012033694
37081011601,All Population,1662,Professional school degree,"Census Tract 116.01, Guilford County, North Carolina",15,0.009025270758122744
37081011601,All Population,1662,"Some college, 1 or more years, no degree","Census Tract 116.01, Guilford County, North Carolina",259,0.15583634175691938
37081011601,All Population,1662,"Some college, less than 1 year","Census Tract 116.01, Guilford County, North Carolina",44,0.026474127557160047
37081011601,All Population,1662,Total Population,"Census Tract 116.01, Guilford County, North Carolina",1662,1
37081011602,All Population,2237,10th grade,"Census Tract 116.02, Guilford County, North Carolina",41,0.018328118015198926
37081011602,All Population,2237,11th grade,"Census Tract 116.02, Guilford County, North Carolina",26,0.0116227089852481
37081011602,All Population,2237,"12th grade, no diploma","Census Tract 116.02, Guilford County, North Carolina",46,0.02056325435851587
37081011602,All Population,2237,5th and 6th grade,"Census Tract 116.02, Guilford County, North Carolina",123,0.05498435404559678
37081011602,All Population,2237,7th and 8th grade,"Census Tract 116.02, Guilford County, North Carolina",60,0.02682163611980331
37081011602,All Population,2237,9th grade,"Census Tract 116.02, Guilford County, North Carolina",175,0.07822977201609298
37081011602,All Population,2237,Associate's degree,"Census Tract 116.02, Guilford County, North Carolina",121,0.054090299508270004
37081011602,All Population,2237,Bachelor's degree,"Census Tract 116.02, Guilford County, North Carolina",267,0.11935628073312472
37081011602,All Population,2237,Doctorate degree,"Census Tract 116.02, Guilford County, North Carolina",0,0
37081011602,All Population,2237,High school graduate (includes equivalency),"Census Tract 116.02, Guilford County, North Carolina",764,0.34152883325882877
37081011602,All Population,2237,Master's degree,"Census Tract 116.02, Guilford County, North Carolina",5,0.002235136343316942
37081011602,All Population,2237,No schooling completed,"Census Tract 116.02, Guilford County, North Carolina",83,0.037103263299061245
37081011602,All Population,2237,Nursery to 4th grade,"Census Tract 116.02, Guilford County, North Carolina",55,0.024586499776486366
37081011602,All Population,2237,Professional school degree,"Census Tract 116.02, Guilford County, North Carolina",9,0.004023245417970496
37081011602,All Population,2237,"Some college, 1 or more years, no degree","Census Tract 116.02, Guilford County, North Carolina",314,0.14036656236030398
37081011602,All Population,2237,"Some college, less than 1 year","Census Tract 116.02, Guilford County, North Carolina",148,0.06616003576218149
37081011602,All Population,2237,Total Population,"Census Tract 116.02, Guilford County, North Carolina",2237,1
37081011904,All Population,3029,10th grade,"Census Tract 119.04, Guilford County, North Carolina",77,0.025420931000330143
37081011904,All Population,3029,11th grade,"Census Tract 119.04, Guilford County, North Carolina",74,0.024430505117200397
37081011904,All Population,3029,"12th grade, no diploma","Census Tract 119.04, Guilford County, North Carolina",56,0.01848794981842192
37081011904,All Population,3029,5th and 6th grade,"Census Tract 119.04, Guilford County, North Carolina",42,0.013865962363816441
37081011904,All Population,3029,7th and 8th grade,"Census Tract 119.04, Guilford County, North Carolina",78,0.02575107296137339
37081011904,All Population,3029,9th grade,"Census Tract 119.04, Guilford County, North Carolina",72,0.0237702211951139
37081011904,All Population,3029,Associate's degree,"Census Tract 119.04, Guilford County, North Carolina",276,0.09111918124793661
37081011904,All Population,3029,Bachelor's degree,"Census Tract 119.04, Guilford County, North Carolina",415,0.13700891383294816
37081011904,All Population,3029,Doctorate degree,"Census Tract 119.04, Guilford County, North Carolina",0,0
37081011904,All Population,3029,High school graduate (includes equivalency),"Census Tract 119.04, Guilford County, North Carolina",860,0.2839220864971938
37081011904,All Population,3029,Master's degree,"Census Tract 119.04, Guilford County, North Carolina",104,0.034334763948497854
37081011904,All Population,3029,No schooling completed,"Census Tract 119.04, Guilford County, North Carolina",28,0.00924397490921096
37081011904,All Population,3029,Nursery to 4th grade,"Census Tract 119.04, Guilford County, North Carolina",0,0
37081011904,All Population,3029,Professional school degree,"Census Tract 119.04, Guilford County, North Carolina",101,0.03334433806536811
37081011904,All Population,3029,"Some college, 1 or more years, no degree","Census Tract 119.04, Guilford County, North Carolina",648,0.2139319907560251
37081011904,All Population,3029,"Some college, less than 1 year","Census Tract 119.04, Guilford County, North Carolina",198,0.06536810828656323
37081011904,All Population,3029,Total Population,"Census Tract 119.04, Guilford County, North Carolina",3029,1
37081011905,All Population,2992,10th grade,"Census Tract 119.05, Guilford County, North Carolina",158,0.052807486631016046
37081011905,All Population,2992,11th grade,"Census Tract 119.05, Guilford County, North Carolina",156,0.05213903743315508
37081011905,All Population,2992,"12th grade, no diploma","Census Tract 119.05, Guilford County, North Carolina",102,0.03409090909090909
37081011905,All Population,2992,5th and 6th grade,"Census Tract 119.05, Guilford County, North Carolina",53,0.01771390374331551
37081011905,All Population,2992,7th and 8th grade,"Census Tract 119.05, Guilford County, North Carolina",10,0.0033422459893048127
37081011905,All Population,2992,9th grade,"Census Tract 119.05, Guilford County, North Carolina",46,0.01537433155080214
37081011905,All Population,2992,Associate's degree,"Census Tract 119.05, Guilford County, North Carolina",293,0.09792780748663102
37081011905,All Population,2992,Bachelor's degree,"Census Tract 119.05, Guilford County, North Carolina",203,0.0678475935828877
37081011905,All Population,2992,Doctorate degree,"Census Tract 119.05, Guilford County, North Carolina",9,0.0030080213903743314
37081011905,All Population,2992,High school graduate (includes equivalency),"Census Tract 119.05, Guilford County, North Carolina",974,0.3255347593582888
37081011905,All Population,2992,Master's degree,"Census Tract 119.05, Guilford County, North Carolina",86,0.02874331550802139
37081011905,All Population,2992,No schooling completed,"Census Tract 119.05, Guilford County, North Carolina",76,0.02540106951871658
37081011905,All Population,2992,Nursery to 4th grade,"Census Tract 119.05, Guilford County, North Carolina",23,0.00768716577540107
37081011905,All Population,2992,Professional school degree,"Census Tract 119.05, Guilford County, North Carolina",0,0
37081011905,All Population,2992,"Some college, 1 or more years, no degree","Census Tract 119.05, Guilford County, North Carolina",632,0.21122994652406418
37081011905,All Population,2992,"Some college, less than 1 year","Census Tract 119.05, Guilford County, North Carolina",171,0.0571524064171123
37081011905,All Population,2992,Total Population,"Census Tract 119.05, Guilford County, North Carolina",2992,1
37081012503,All Population,3269,10th grade,"Census Tract 125.03, Guilford County, North Carolina",0,0
37081012503,All Population,3269,11th grade,"Census Tract 125.03, Guilford County, North Carolina",8,0.002447231569287244
37081012503,All Population,3269,"12th grade, no diploma","Census Tract 125.03, Guilford County, North Carolina",13,0.0039767513000917715
37081012503,All Population,3269,5th and 6th grade,"Census Tract 125.03, Guilford County, North Carolina",0,0
37081012503,All Population,3269,7th and 8th grade,"Census Tract 125.03, Guilford County, North Carolina",13,0.0039767513000917715
37081012503,All Population,3269,9th grade,"Census Tract 125.03, Guilford County, North Carolina",0,0
37081012503,All Population,3269,Associate's degree,"Census Tract 125.03, Guilford County, North Carolina",321,0.09819516671765066
37081012503,All Population,3269,Bachelor's degree,"Census Tract 125.03, Guilford County, North Carolina",1063,0.3251758947690425
37081012503,All Population,3269,Doctorate degree,"Census Tract 125.03, Guilford County, North Carolina",41,0.012542061792597125
37081012503,All Population,3269,High school graduate (includes equivalency),"Census Tract 125.03, Guilford County, North Carolina",573,0.17528296115019884
37081012503,All Population,3269,Master's degree,"Census Tract 125.03, Guilford County, North Carolina",318,0.09727745487916795
37081012503,All Population,3269,No schooling completed,"Census Tract 125.03, Guilford County, North Carolina",21,0.006423982869379015
37081012503,All Population,3269,Nursery to 4th grade,"Census Tract 125.03, Guilford County, North Carolina",13,0.0039767513000917715
37081012503,All Population,3269,Professional school degree,"Census Tract 125.03, Guilford County, North Carolina",226,0.06913429183236464
37081012503,All Population,3269,"Some college, 1 or more years, no degree","Census Tract 125.03, Guilford County, North Carolina",529,0.161823187519119
37081012503,All Population,3269,"Some college, less than 1 year","Census Tract 125.03, Guilford County, North Carolina",130,0.039767513000917715
37081012503,All Population,3269,Total Population,"Census Tract 125.03, Guilford County, North Carolina",3269,1
37081012504,All Population,2315,10th grade,"Census Tract 125.04, Guilford County, North Carolina",69,0.029805615550755938
37081012504,All Population,2315,11th grade,"Census Tract 125.04, Guilford County, North Carolina",92,0.03974082073434125
37081012504,All Population,2315,"12th grade, no diploma","Census Tract 125.04, Guilford County, North Carolina",30,0.012958963282937365
37081012504,All Population,2315,5th and 6th grade,"Census Tract 125.04, Guilford County, North Carolina",34,0.01468682505399568
37081012504,All Population,2315,7th and 8th grade,"Census Tract 125.04, Guilford County, North Carolina",7,0.003023758099352052
37081012504,All Population,2315,9th grade,"Census Tract 125.04, Guilford County, North Carolina",49,0.021166306695464362
37081012504,All Population,2315,Associate's degree,"Census Tract 125.04, Guilford County, North Carolina",189,0.0816414686825054
37081012504,All Population,2315,Bachelor's degree,"Census Tract 125.04, Guilford County, North Carolina",558,0.241036717062635
37081012504,All Population,2315,Doctorate degree,"Census Tract 125.04, Guilford County, North Carolina",62,0.02678185745140389
37081012504,All Population,2315,High school graduate (includes equivalency),"Census Tract 125.04, Guilford County, North Carolina",317,0.1369330453563715
37081012504,All Population,2315,Master's degree,"Census Tract 125.04, Guilford County, North Carolina",175,0.0755939524838013
37081012504,All Population,2315,No schooling completed,"Census Tract 125.04, Guilford County, North Carolina",15,0.0064794816414686825
37081012504,All Population,2315,Nursery to 4th grade,"Census Tract 125.04, Guilford County, North Carolina",0,0
37081012504,All Population,2315,Professional school degree,"Census Tract 125.04, Guilford County, North Carolina",118,0.050971922246220304
37081012504,All Population,2315,"Some college, 1 or more years, no degree","Census Tract 125.04, Guilford County, North Carolina",523,0.22591792656587473
37081012504,All Population,2315,"Some college, less than 1 year","Census Tract 125.04, Guilford County, North Carolina",77,0.03326133909287257
37081012504,All Population,2315,Total Population,"Census Tract 125.04, Guilford County, North Carolina",2315,1
37081012505,All Population,3391,10th grade,"Census Tract 125.05, Guilford County, North Carolina",34,0.010026540843409024
37081012505,All Population,3391,11th grade,"Census Tract 125.05, Guilford County, North Carolina",3,8.846947803007962e-4
37081012505,All Population,3391,"12th grade, no diploma","Census Tract 125.05, Guilford County, North Carolina",0,0
37081012505,All Population,3391,5th and 6th grade,"Census Tract 125.05, Guilford County, North Carolina",0,0
37081012505,All Population,3391,7th and 8th grade,"Census Tract 125.05, Guilford County, North Carolina",13,0.0038336773813034504
37081012505,All Population,3391,9th grade,"Census Tract 125.05, Guilford County, North Carolina",0,0
37081012505,All Population,3391,Associate's degree,"Census Tract 125.05, Guilford County, North Carolina",200,0.058979652020053085
37081012505,All Population,3391,Bachelor's degree,"Census Tract 125.05, Guilford County, North Carolina",1427,0.42081981716307876
37081012505,All Population,3391,Doctorate degree,"Census Tract 125.05, Guilford County, North Carolina",209,0.06163373636095547
37081012505,All Population,3391,High school graduate (includes equivalency),"Census Tract 125.05, Guilford County, North Carolina",244,0.07195517546446475
37081012505,All Population,3391,Master's degree,"Census Tract 125.05, Guilford County, North Carolina",692,0.20406959598938365
37081012505,All Population,3391,No schooling completed,"Census Tract 125.05, Guilford County, North Carolina",11,0.0032438808611029196
37081012505,All Population,3391,Nursery to 4th grade,"Census Tract 125.05, Guilford County, North Carolina",0,0
37081012505,All Population,3391,Professional school degree,"Census Tract 125.05, Guilford County, North Carolina",204,0.06015924506045414
37081012505,All Population,3391,"Some college, 1 or more years, no degree","Census Tract 125.05, Guilford County, North Carolina",281,0.08286641108817458
37081012505,All Population,3391,"Some college, less than 1 year","Census Tract 125.05, Guilford County, North Carolina",73,0.021527572987319374
37081012505,All Population,3391,Total Population,"Census Tract 125.05, Guilford County, North Carolina",3391,1
37081012508,All Population,2659,10th grade,"Census Tract 125.08, Guilford County, North Carolina",39,0.014667168108311396
37081012508,All Population,2659,11th grade,"Census Tract 125.08, Guilford County, North Carolina",31,0.011658518239939826
37081012508,All Population,2659,"12th grade, no diploma","Census Tract 125.08, Guilford County, North Carolina",42,0.015795411808950735
37081012508,All Population,2659,5th and 6th grade,"Census Tract 125.08, Guilford County, North Carolina",12,0.0045129748025573525
37081012508,All Population,2659,7th and 8th grade,"Census Tract 125.08, Guilford County, North Carolina",17,0.006393380970289583
37081012508,All Population,2659,9th grade,"Census Tract 125.08, Guilford County, North Carolina",8,0.003008649868371568
37081012508,All Population,2659,Associate's degree,"Census Tract 125.08, Guilford County, North Carolina",163,0.0613012410680707
37081012508,All Population,2659,Bachelor's degree,"Census Tract 125.08, Guilford County, North Carolina",911,0.34261000376081235
37081012508,All Population,2659,Doctorate degree,"Census Tract 125.08, Guilford County, North Carolina",29,0.010906355772846935
37081012508,All Population,2659,High school graduate (includes equivalency),"Census Tract 125.08, Guilford County, North Carolina",392,0.14742384355020685
37081012508,All Population,2659,Master's degree,"Census Tract 125.08, Guilford County, North Carolina",324,0.12185031966904851
37081012508,All Population,2659,No schooling completed,"Census Tract 125.08, Guilford County, North Carolina",0,0
37081012508,All Population,2659,Nursery to 4th grade,"Census Tract 125.08, Guilford County, North Carolina",0,0
37081012508,All Population,2659,Professional school degree,"Census Tract 125.08, Guilford County, North Carolina",0,0
37081012508,All Population,2659,"Some college, 1 or more years, no degree","Census Tract 125.08, Guilford County, North Carolina",528,0.1985708913125235
37081012508,All Population,2659,"Some college, less than 1 year","Census Tract 125.08, Guilford County, North Carolina",163,0.0613012410680707
37081012508,All Population,2659,Total Population,"Census Tract 125.08, Guilford County, North Carolina",2659,1
37081012509,All Population,1890,10th grade,"Census Tract 125.09, Guilford County, North Carolina",0,0
37081012509,All Population,1890,11th grade,"Census Tract 125.09, Guilford County, North Carolina",24,0.012698412698412698
37081012509,All Population,1890,"12th grade, no diploma","Census Tract 125.09, Guilford County, North Carolina",9,0.004761904761904762
37081012509,All Population,1890,5th and 6th grade,"Census Tract 125.09, Guilford County, North Carolina",20,0.010582010582010581
37081012509,All Population,1890,7th and 8th grade,"Census Tract 125.09, Guilford County, North Carolina",0,0
37081012509,All Population,1890,9th grade,"Census Tract 125.09, Guilford County, North Carolina",0,0
37081012509,All Population,1890,Associate's degree,"Census Tract 125.09, Guilford County, North Carolina",112,0.05925925925925926
37081012509,All Population,1890,Bachelor's degree,"Census Tract 125.09, Guilford County, North Carolina",612,0.3238095238095238
37081012509,All Population,1890,Doctorate degree,"Census Tract 125.09, Guilford County, North Carolina",52,0.027513227513227514
37081012509,All Population,1890,High school graduate (includes equivalency),"Census Tract 125.09, Guilford County, North Carolina",189,0.1
37081012509,All Population,1890,Master's degree,"Census Tract 125.09, Guilford County, North Carolina",417,0.22063492063492063
37081012509,All Population,1890,No schooling completed,"Census Tract 125.09, Guilford County, North Carolina",8,0.004232804232804233
37081012509,All Population,1890,Nursery to 4th grade,"Census Tract 125.09, Guilford County, North Carolina",0,0
37081012509,All Population,1890,Professional school degree,"Census Tract 125.09, Guilford County, North Carolina",99,0.05238095238095238
37081012509,All Population,1890,"Some college, 1 or more years, no degree","Census Tract 125.09, Guilford County, North Carolina",272,0.1439153439153439
37081012509,All Population,1890,"Some college, less than 1 year","Census Tract 125.09, Guilford County, North Carolina",76,0.04021164021164021
37081012509,All Population,1890,Total Population,"Census Tract 125.09, Guilford County, North Carolina",1890,1
37081012510,All Population,2408,10th grade,"Census Tract 125.10, Guilford County, North Carolina",17,0.0070598006644518275
37081012510,All Population,2408,11th grade,"Census Tract 125.10, Guilford County, North Carolina",11,0.004568106312292359
37081012510,All Population,2408,"12th grade, no diploma","Census Tract 125.10, Guilford County, North Carolina",0,0
37081012510,All Population,2408,5th and 6th grade,"Census Tract 125.10, Guilford County, North Carolina",10,0.004152823920265781
37081012510,All Population,2408,7th and 8th grade,"Census Tract 125.10, Guilford County, North Carolina",0,0
37081012510,All Population,2408,9th grade,"Census Tract 125.10, Guilford County, North Carolina",0,0
37081012510,All Population,2408,Associate's degree,"Census Tract 125.10, Guilford County, North Carolina",140,0.05813953488372093
37081012510,All Population,2408,Bachelor's degree,"Census Tract 125.10, Guilford County, North Carolina",840,0.3488372093023256
37081012510,All Population,2408,Doctorate degree,"Census Tract 125.10, Guilford County, North Carolina",136,0.05647840531561462
37081012510,All Population,2408,High school graduate (includes equivalency),"Census Tract 125.10, Guilford County, North Carolina",218,0.09053156146179402
37081012510,All Population,2408,Master's degree,"Census Tract 125.10, Guilford County, North Carolina",403,0.16735880398671096
37081012510,All Population,2408,No schooling completed,"Census Tract 125.10, Guilford County, North Carolina",7,0.0029069767441860465
37081012510,All Population,2408,Nursery to 4th grade,"Census Tract 125.10, Guilford County, North Carolina",0,0
37081012510,All Population,2408,Professional school degree,"Census Tract 125.10, Guilford County, North Carolina",293,0.12167774086378738
37081012510,All Population,2408,"Some college, 1 or more years, no degree","Census Tract 125.10, Guilford County, North Carolina",253,0.10506644518272425
37081012510,All Population,2408,"Some college, less than 1 year","Census Tract 125.10, Guilford County, North Carolina",80,0.03322259136212625
37081012510,All Population,2408,Total Population,"Census Tract 125.10, Guilford County, North Carolina",2408,1
37081012511,All Population,3770,10th grade,"Census Tract 125.11, Guilford County, North Carolina",14,0.003713527851458886
37081012511,All Population,3770,11th grade,"Census Tract 125.11, Guilford County, North Carolina",0,0
37081012511,All Population,3770,"12th grade, no diploma","Census Tract 125.11, Guilford County, North Carolina",28,0.007427055702917772
37081012511,All Population,3770,5th and 6th grade,"Census Tract 125.11, Guilford County, North Carolina",0,0
37081012511,All Population,3770,7th and 8th grade,"Census Tract 125.11, Guilford County, North Carolina",0,0
37081012511,All Population,3770,9th grade,"Census Tract 125.11, Guilford County, North Carolina",0,0
37081012511,All Population,3770,Associate's degree,"Census Tract 125.11, Guilford County, North Carolina",265,0.07029177718832891
37081012511,All Population,3770,Bachelor's degree,"Census Tract 125.11, Guilford County, North Carolina",1439,0.3816976127320955
37081012511,All Population,3770,Doctorate degree,"Census Tract 125.11, Guilford County, North Carolina",196,0.0519893899204244
37081012511,All Population,3770,High school graduate (includes equivalency),"Census Tract 125.11, Guilford County, North Carolina",239,0.06339522546419098
37081012511,All Population,3770,Master's degree,"Census Tract 125.11, Guilford County, North Carolina",898,0.23819628647214855
37081012511,All Population,3770,No schooling completed,"Census Tract 125.11, Guilford County, North Carolina",0,0
37081012511,All Population,3770,Nursery to 4th grade,"Census Tract 125.11, Guilford County, North Carolina",0,0
37081012511,All Population,3770,Professional school degree,"Census Tract 125.11, Guilford County, North Carolina",183,0.048541114058355435
37081012511,All Population,3770,"Some college, 1 or more years, no degree","Census Tract 125.11, Guilford County, North Carolina",388,0.10291777188328913
37081012511,All Population,3770,"Some college, less than 1 year","Census Tract 125.11, Guilford County, North Carolina",120,0.03183023872679045
37081012511,All Population,3770,Total Population,"Census Tract 125.11, Guilford County, North Carolina",3770,1
37081012601,All Population,4191,10th grade,"Census Tract 126.01, Guilford County, North Carolina",95,0.022667621092817943
37081012601,All Population,4191,11th grade,"Census Tract 126.01, Guilford County, North Carolina",63,0.015032211882605583
37081012601,All Population,4191,"12th grade, no diploma","Census Tract 126.01, Guilford County, North Carolina",32,0.00763540921021236
37081012601,All Population,4191,5th and 6th grade,"Census Tract 126.01, Guilford County, North Carolina",37,0.00882844189930804
37081012601,All Population,4191,7th and 8th grade,"Census Tract 126.01, Guilford County, North Carolina",121,0.028871391076115485
37081012601,All Population,4191,9th grade,"Census Tract 126.01, Guilford County, North Carolina",82,0.01956573610116917
37081012601,All Population,4191,Associate's degree,"Census Tract 126.01, Guilford County, North Carolina",65,0.015509424958243857
37081012601,All Population,4191,Bachelor's degree,"Census Tract 126.01, Guilford County, North Carolina",1115,0.26604628966833693
37081012601,All Population,4191,Doctorate degree,"Census Tract 126.01, Guilford County, North Carolina",43,0.01026008112622286
37081012601,All Population,4191,High school graduate (includes equivalency),"Census Tract 126.01, Guilford County, North Carolina",926,0.22094965402052016
37081012601,All Population,4191,Master's degree,"Census Tract 126.01, Guilford County, North Carolina",244,0.05821999522786924
37081012601,All Population,4191,No schooling completed,"Census Tract 126.01, Guilford County, North Carolina",21,0.005010737294201861
37081012601,All Population,4191,Nursery to 4th grade,"Census Tract 126.01, Guilford County, North Carolina",0,0
37081012601,All Population,4191,Professional school degree,"Census Tract 126.01, Guilford County, North Carolina",11,0.0026246719160104987
37081012601,All Population,4191,"Some college, 1 or more years, no degree","Census Tract 126.01, Guilford County, North Carolina",1072,0.25578620854211404
37081012601,All Population,4191,"Some college, less than 1 year","Census Tract 126.01, Guilford County, North Carolina",264,0.06299212598425197
37081012601,All Population,4191,Total Population,"Census Tract 126.01, Guilford County, North Carolina",4191,1
37081012604,All Population,3271,10th grade,"Census Tract 126.04, Guilford County, North Carolina",96,0.02934882298991134
37081012604,All Population,3271,11th grade,"Census Tract 126.04, Guilford County, North Carolina",102,0.0311831244267808
37081012604,All Population,3271,"12th grade, no diploma","Census Tract 126.04, Guilford County, North Carolina",179,0.05472332619993886
37081012604,All Population,3271,5th and 6th grade,"Census Tract 126.04, Guilford County, North Carolina",67,0.020483032711708957
37081012604,All Population,3271,7th and 8th grade,"Census Tract 126.04, Guilford County, North Carolina",45,0.013757260776520942
37081012604,All Population,3271,9th grade,"Census Tract 126.04, Guilford County, North Carolina",79,0.024151635585447875
37081012604,All Population,3271,Associate's degree,"Census Tract 126.04, Guilford County, North Carolina",264,0.08070926322225619
37081012604,All Population,3271,Bachelor's degree,"Census Tract 126.04, Guilford County, North Carolina",278,0.08498929990828492
37081012604,All Population,3271,Doctorate degree,"Census Tract 126.04, Guilford County, North Carolina",3,9.171507184347294e-4
37081012604,All Population,3271,High school graduate (includes equivalency),"Census Tract 126.04, Guilford County, North Carolina",1121,0.3427086517884439
37081012604,All Population,3271,Master's degree,"Census Tract 126.04, Guilford County, North Carolina",146,0.044634668297156836
37081012604,All Population,3271,No schooling completed,"Census Tract 126.04, Guilford County, North Carolina",21,0.0064200550290431065
37081012604,All Population,3271,Nursery to 4th grade,"Census Tract 126.04, Guilford County, North Carolina",12,0.0036686028737389176
37081012604,All Population,3271,Professional school degree,"Census Tract 126.04, Guilford County, North Carolina",0,0
37081012604,All Population,3271,"Some college, 1 or more years, no degree","Census Tract 126.04, Guilford County, North Carolina",705,0.21553041883216142
37081012604,All Population,3271,"Some college, less than 1 year","Census Tract 126.04, Guilford County, North Carolina",153,0.046774686640171204
37081012604,All Population,3271,Total Population,"Census Tract 126.04, Guilford County, North Carolina",3271,1
37081012607,All Population,1758,10th grade,"Census Tract 126.07, Guilford County, North Carolina",55,0.03128555176336746
37081012607,All Population,1758,11th grade,"Census Tract 126.07, Guilford County, North Carolina",8,0.004550625711035267
37081012607,All Population,1758,"12th grade, no diploma","Census Tract 126.07, Guilford County, North Carolina",1,5.688282138794084e-4
37081012607,All Population,1758,5th and 6th grade,"Census Tract 126.07, Guilford County, North Carolina",8,0.004550625711035267
37081012607,All Population,1758,7th and 8th grade,"Census Tract 126.07, Guilford County, North Carolina",28,0.015927189988623434
37081012607,All Population,1758,9th grade,"Census Tract 126.07, Guilford County, North Carolina",24,0.013651877133105802
37081012607,All Population,1758,Associate's degree,"Census Tract 126.07, Guilford County, North Carolina",151,0.08589306029579068
37081012607,All Population,1758,Bachelor's degree,"Census Tract 126.07, Guilford County, North Carolina",322,0.1831626848691695
37081012607,All Population,1758,Doctorate degree,"Census Tract 126.07, Guilford County, North Carolina",7,0.003981797497155859
37081012607,All Population,1758,High school graduate (includes equivalency),"Census Tract 126.07, Guilford County, North Carolina",538,0.30602957906712175
37081012607,All Population,1758,Master's degree,"Census Tract 126.07, Guilford County, North Carolina",160,0.09101251422070535
37081012607,All Population,1758,No schooling completed,"Census Tract 126.07, Guilford County, North Carolina",21,0.011945392491467578
37081012607,All Population,1758,Nursery to 4th grade,"Census Tract 126.07, Guilford County, North Carolina",7,0.003981797497155859
37081012607,All Population,1758,Professional school degree,"Census Tract 126.07, Guilford County, North Carolina",25,0.01422070534698521
37081012607,All Population,1758,"Some college, 1 or more years, no degree","Census Tract 126.07, Guilford County, North Carolina",284,0.161547212741752
37081012607,All Population,1758,"Some college, less than 1 year","Census Tract 126.07, Guilford County, North Carolina",119,0.0676905574516496
37081012607,All Population,1758,Total Population,"Census Tract 126.07, Guilford County, North Carolina",1758,1
37081012608,All Population,1574,10th grade,"Census Tract 126.08, Guilford County, North Carolina",32,0.020330368487928845
37081012608,All Population,1574,11th grade,"Census Tract 126.08, Guilford County, North Carolina",36,0.022871664548919948
37081012608,All Population,1574,"12th grade, no diploma","Census Tract 126.08, Guilford County, North Carolina",67,0.042566709021601014
37081012608,All Population,1574,5th and 6th grade,"Census Tract 126.08, Guilford County, North Carolina",103,0.06543837357052097
37081012608,All Population,1574,7th and 8th grade,"Census Tract 126.08, Guilford County, North Carolina",99,0.06289707750952986
37081012608,All Population,1574,9th grade,"Census Tract 126.08, Guilford County, North Carolina",43,0.027318932655654382
37081012608,All Population,1574,Associate's degree,"Census Tract 126.08, Guilford County, North Carolina",97,0.06162642947903431
37081012608,All Population,1574,Bachelor's degree,"Census Tract 126.08, Guilford County, North Carolina",155,0.09847522236340533
37081012608,All Population,1574,Doctorate degree,"Census Tract 126.08, Guilford County, North Carolina",0,0
37081012608,All Population,1574,High school graduate (includes equivalency),"Census Tract 126.08, Guilford County, North Carolina",536,0.3405336721728081
37081012608,All Population,1574,Master's degree,"Census Tract 126.08, Guilford County, North Carolina",12,0.007623888182973317
37081012608,All Population,1574,No schooling completed,"Census Tract 126.08, Guilford County, North Carolina",57,0.03621346886912325
37081012608,All Population,1574,Nursery to 4th grade,"Census Tract 126.08, Guilford County, North Carolina",16,0.010165184243964422
37081012608,All Population,1574,Professional school degree,"Census Tract 126.08, Guilford County, North Carolina",8,0.005082592121982211
37081012608,All Population,1574,"Some college, 1 or more years, no degree","Census Tract 126.08, Guilford County, North Carolina",284,0.18043202033036848
37081012608,All Population,1574,"Some college, less than 1 year","Census Tract 126.08, Guilford County, North Carolina",29,0.018424396442185513
37081012608,All Population,1574,Total Population,"Census Tract 126.08, Guilford County, North Carolina",1574,1
37081012609,All Population,5551,10th grade,"Census Tract 126.09, Guilford County, North Carolina",56,0.01008827238335435
37081012609,All Population,5551,11th grade,"Census Tract 126.09, Guilford County, North Carolina",123,0.022158169699153307
37081012609,All Population,5551,"12th grade, no diploma","Census Tract 126.09, Guilford County, North Carolina",68,0.012250045036930283
37081012609,All Population,5551,5th and 6th grade,"Census Tract 126.09, Guilford County, North Carolina",64,0.011529454152404972
37081012609,All Population,5551,7th and 8th grade,"Census Tract 126.09, Guilford County, North Carolina",108,0.01945595388218339
37081012609,All Population,5551,9th grade,"Census Tract 126.09, Guilford County, North Carolina",149,0.026842010448567825
37081012609,All Population,5551,Associate's degree,"Census Tract 126.09, Guilford County, North Carolina",431,0.07764366780760223
37081012609,All Population,5551,Bachelor's degree,"Census Tract 126.09, Guilford County, North Carolina",928,0.1671770852098721
37081012609,All Population,5551,Doctorate degree,"Census Tract 126.09, Guilford County, North Carolina",16,0.002882363538101243
37081012609,All Population,5551,High school graduate (includes equivalency),"Census Tract 126.09, Guilford County, North Carolina",1678,0.3022878760583679
37081012609,All Population,5551,Master's degree,"Census Tract 126.09, Guilford County, North Carolina",195,0.0351288056206089
37081012609,All Population,5551,No schooling completed,"Census Tract 126.09, Guilford County, North Carolina",154,0.027742749054224466
37081012609,All Population,5551,Nursery to 4th grade,"Census Tract 126.09, Guilford County, North Carolina",0,0
37081012609,All Population,5551,Professional school degree,"Census Tract 126.09, Guilford County, North Carolina",31,0.005584579355071158
37081012609,All Population,5551,"Some college, 1 or more years, no degree","Census Tract 126.09, Guilford County, North Carolina",1241,0.22356332192397765
37081012609,All Population,5551,"Some college, less than 1 year","Census Tract 126.09, Guilford County, North Carolina",309,0.05566564582958026
37081012609,All Population,5551,Total Population,"Census Tract 126.09, Guilford County, North Carolina",5551,1
37081012610,All Population,2313,10th grade,"Census Tract 126.10, Guilford County, North Carolina",42,0.018158236057068743
37081012610,All Population,2313,11th grade,"Census Tract 126.10, Guilford County, North Carolina",57,0.02464332036316472
37081012610,All Population,2313,"12th grade, no diploma","Census Tract 126.10, Guilford County, North Carolina",87,0.03761348897535668
37081012610,All Population,2313,5th and 6th grade,"Census Tract 126.10, Guilford County, North Carolina",0,0
37081012610,All Population,2313,7th and 8th grade,"Census Tract 126.10, Guilford County, North Carolina",69,0.029831387808041506
37081012610,All Population,2313,9th grade,"Census Tract 126.10, Guilford County, North Carolina",21,0.009079118028534372
37081012610,All Population,2313,Associate's degree,"Census Tract 126.10, Guilford County, North Carolina",258,0.11154345006485085
37081012610,All Population,2313,Bachelor's degree,"Census Tract 126.10, Guilford County, North Carolina",342,0.14785992217898833
37081012610,All Population,2313,Doctorate degree,"Census Tract 126.10, Guilford County, North Carolina",22,0.009511456982274102
37081012610,All Population,2313,High school graduate (includes equivalency),"Census Tract 126.10, Guilford County, North Carolina",674,0.29139645482057935
37081012610,All Population,2313,Master's degree,"Census Tract 126.10, Guilford County, North Carolina",64,0.027669693039342844
37081012610,All Population,2313,No schooling completed,"Census Tract 126.10, Guilford County, North Carolina",83,0.03588413316039775
37081012610,All Population,2313,Nursery to 4th grade,"Census Tract 126.10, Guilford County, North Carolina",20,0.00864677907479464
37081012610,All Population,2313,Professional school degree,"Census Tract 126.10, Guilford County, North Carolina",0,0
37081012610,All Population,2313,"Some college, 1 or more years, no degree","Census Tract 126.10, Guilford County, North Carolina",413,0.1785559878945093
37081012610,All Population,2313,"Some college, less than 1 year","Census Tract 126.10, Guilford County, North Carolina",161,0.06960657155209685
37081012610,All Population,2313,Total Population,"Census Tract 126.10, Guilford County, North Carolina",2313,1
37081012611,All Population,2499,10th grade,"Census Tract 126.11, Guilford County, North Carolina",98,0.0392156862745098
37081012611,All Population,2499,11th grade,"Census Tract 126.11, Guilford County, North Carolina",53,0.021208483393357343
37081012611,All Population,2499,"12th grade, no diploma","Census Tract 126.11, Guilford County, North Carolina",8,0.003201280512204882
37081012611,All Population,2499,5th and 6th grade,"Census Tract 126.11, Guilford County, North Carolina",19,0.007603041216486595
37081012611,All Population,2499,7th and 8th grade,"Census Tract 126.11, Guilford County, North Carolina",0,0
37081012611,All Population,2499,9th grade,"Census Tract 126.11, Guilford County, North Carolina",53,0.021208483393357343
37081012611,All Population,2499,Associate's degree,"Census Tract 126.11, Guilford County, North Carolina",178,0.07122849139655862
37081012611,All Population,2499,Bachelor's degree,"Census Tract 126.11, Guilford County, North Carolina",341,0.1364545818327331
37081012611,All Population,2499,Doctorate degree,"Census Tract 126.11, Guilford County, North Carolina",0,0
37081012611,All Population,2499,High school graduate (includes equivalency),"Census Tract 126.11, Guilford County, North Carolina",780,0.31212484993997597
37081012611,All Population,2499,Master's degree,"Census Tract 126.11, Guilford County, North Carolina",123,0.04921968787515006
37081012611,All Population,2499,No schooling completed,"Census Tract 126.11, Guilford County, North Carolina",11,0.004401760704281713
37081012611,All Population,2499,Nursery to 4th grade,"Census Tract 126.11, Guilford County, North Carolina",7,0.0028011204481792717
37081012611,All Population,2499,Professional school degree,"Census Tract 126.11, Guilford County, North Carolina",34,0.013605442176870748
37081012611,All Population,2499,"Some college, 1 or more years, no degree","Census Tract 126.11, Guilford County, North Carolina",539,0.21568627450980393
37081012611,All Population,2499,"Some college, less than 1 year","Census Tract 126.11, Guilford County, North Carolina",255,0.10204081632653061
37081012611,All Population,2499,Total Population,"Census Tract 126.11, Guilford County, North Carolina",2499,1
37081012612,All Population,4549,10th grade,"Census Tract 126.12, Guilford County, North Carolina",90,0.019784568036931193
37081012612,All Population,4549,11th grade,"Census Tract 126.12, Guilford County, North Carolina",91,0.020004396570674873
37081012612,All Population,4549,"12th grade, no diploma","Census Tract 126.12, Guilford County, North Carolina",64,0.014069026159595516
37081012612,All Population,4549,5th and 6th grade,"Census Tract 126.12, Guilford County, North Carolina",3,6.594856012310398e-4
37081012612,All Population,4549,7th and 8th grade,"Census Tract 126.12, Guilford County, North Carolina",78,0.017146625632007036
37081012612,All Population,4549,9th grade,"Census Tract 126.12, Guilford County, North Carolina",180,0.039569136073862386
37081012612,All Population,4549,Associate's degree,"Census Tract 126.12, Guilford County, North Carolina",604,0.13277643438118267
37081012612,All Population,4549,Bachelor's degree,"Census Tract 126.12, Guilford County, North Carolina",595,0.13079797757748957
37081012612,All Population,4549,Doctorate degree,"Census Tract 126.12, Guilford County, North Carolina",7,0.0015387997362057595
37081012612,All Population,4549,High school graduate (includes equivalency),"Census Tract 126.12, Guilford County, North Carolina",1376,0.3024840624313036
37081012612,All Population,4549,Master's degree,"Census Tract 126.12, Guilford County, North Carolina",260,0.05715541877335678
37081012612,All Population,4549,No schooling completed,"Census Tract 126.12, Guilford County, North Carolina",32,0.007034513079797758
37081012612,All Population,4549,Nursery to 4th grade,"Census Tract 126.12, Guilford County, North Carolina",0,0
37081012612,All Population,4549,Professional school degree,"Census Tract 126.12, Guilford County, North Carolina",20,0.004396570674873599
37081012612,All Population,4549,"Some college, 1 or more years, no degree","Census Tract 126.12, Guilford County, North Carolina",901,0.1980655089030556
37081012612,All Population,4549,"Some college, less than 1 year","Census Tract 126.12, Guilford County, North Carolina",248,0.05451747636843262
37081012612,All Population,4549,Total Population,"Census Tract 126.12, Guilford County, North Carolina",4549,1
37081012617,All Population,2239,10th grade,"Census Tract 126.17, Guilford County, North Carolina",81,0.036176864671728454
37081012617,All Population,2239,11th grade,"Census Tract 126.17, Guilford County, North Carolina",89,0.03974988834301027
37081012617,All Population,2239,"12th grade, no diploma","Census Tract 126.17, Guilford County, North Carolina",21,0.009379187137114784
37081012617,All Population,2239,5th and 6th grade,"Census Tract 126.17, Guilford County, North Carolina",49,0.02188476998660116
37081012617,All Population,2239,7th and 8th grade,"Census Tract 126.17, Guilford County, North Carolina",53,0.023671281822242072
37081012617,All Population,2239,9th grade,"Census Tract 126.17, Guilford County, North Carolina",64,0.028584189370254576
37081012617,All Population,2239,Associate's degree,"Census Tract 126.17, Guilford County, North Carolina",124,0.055381866904868245
37081012617,All Population,2239,Bachelor's degree,"Census Tract 126.17, Guilford County, North Carolina",250,0.11165698972755694
37081012617,All Population,2239,Doctorate degree,"Census Tract 126.17, Guilford County, North Carolina",9,0.00401965163019205
37081012617,All Population,2239,High school graduate (includes equivalency),"Census Tract 126.17, Guilford County, North Carolina",669,0.2987941045109424
37081012617,All Population,2239,Master's degree,"Census Tract 126.17, Guilford County, North Carolina",68,0.030370701205895488
37081012617,All Population,2239,No schooling completed,"Census Tract 126.17, Guilford County, North Carolina",78,0.034836980794997766
37081012617,All Population,2239,Nursery to 4th grade,"Census Tract 126.17, Guilford County, North Carolina",86,0.03841000446627959
37081012617,All Population,2239,Professional school degree,"Census Tract 126.17, Guilford County, North Carolina",33,0.014738722644037517
37081012617,All Population,2239,"Some college, 1 or more years, no degree","Census Tract 126.17, Guilford County, North Carolina",446,0.19919606967396158
37081012617,All Population,2239,"Some college, less than 1 year","Census Tract 126.17, Guilford County, North Carolina",119,0.0531487271103171
37081012617,All Population,2239,Total Population,"Census Tract 126.17, Guilford County, North Carolina",2239,1
37081012703,All Population,3338,10th grade,"Census Tract 127.03, Guilford County, North Carolina",56,0.016776512881965248
37081012703,All Population,3338,11th grade,"Census Tract 127.03, Guilford County, North Carolina",85,0.025464349910125823
37081012703,All Population,3338,"12th grade, no diploma","Census Tract 127.03, Guilford County, North Carolina",13,0.0038945476333133613
37081012703,All Population,3338,5th and 6th grade,"Census Tract 127.03, Guilford County, North Carolina",14,0.004194128220491312
37081012703,All Population,3338,7th and 8th grade,"Census Tract 127.03, Guilford County, North Carolina",44,0.013181545835829839
37081012703,All Population,3338,9th grade,"Census Tract 127.03, Guilford County, North Carolina",60,0.017974835230677052
37081012703,All Population,3338,Associate's degree,"Census Tract 127.03, Guilford County, North Carolina",270,0.08088675853804674
37081012703,All Population,3338,Bachelor's degree,"Census Tract 127.03, Guilford County, North Carolina",986,0.2953864589574596
37081012703,All Population,3338,Doctorate degree,"Census Tract 127.03, Guilford County, North Carolina",55,0.0164769322947873
37081012703,All Population,3338,High school graduate (includes equivalency),"Census Tract 127.03, Guilford County, North Carolina",618,0.18514080287597365
37081012703,All Population,3338,Master's degree,"Census Tract 127.03, Guilford County, North Carolina",283,0.0847813061713601
37081012703,All Population,3338,No schooling completed,"Census Tract 127.03, Guilford County, North Carolina",0,0
37081012703,All Population,3338,Nursery to 4th grade,"Census Tract 127.03, Guilford County, North Carolina",0,0
37081012703,All Population,3338,Professional school degree,"Census Tract 127.03, Guilford County, North Carolina",354,0.1060515278609946
37081012703,All Population,3338,"Some college, 1 or more years, no degree","Census Tract 127.03, Guilford County, North Carolina",358,0.10724985020970641
37081012703,All Population,3338,"Some college, less than 1 year","Census Tract 127.03, Guilford County, North Carolina",142,0.04254044337926902
37081012703,All Population,3338,Total Population,"Census Tract 127.03, Guilford County, North Carolina",3338,1
37081012704,All Population,2566,10th grade,"Census Tract 127.04, Guilford County, North Carolina",57,0.022213561964146533
37081012704,All Population,2566,11th grade,"Census Tract 127.04, Guilford County, North Carolina",56,0.021823850350740453
37081012704,All Population,2566,"12th grade, no diploma","Census Tract 127.04, Guilford County, North Carolina",138,0.05378020265003897
37081012704,All Population,2566,5th and 6th grade,"Census Tract 127.04, Guilford County, North Carolina",61,0.02377240841777085
37081012704,All Population,2566,7th and 8th grade,"Census Tract 127.04, Guilford County, North Carolina",39,0.015198752922837101
37081012704,All Population,2566,9th grade,"Census Tract 127.04, Guilford County, North Carolina",132,0.05144193296960249
37081012704,All Population,2566,Associate's degree,"Census Tract 127.04, Guilford County, North Carolina",349,0.13600935307872175
37081012704,All Population,2566,Bachelor's degree,"Census Tract 127.04, Guilford County, North Carolina",302,0.11769290724863601
37081012704,All Population,2566,Doctorate degree,"Census Tract 127.04, Guilford County, North Carolina",7,0.0027279812938425566
37081012704,All Population,2566,High school graduate (includes equivalency),"Census Tract 127.04, Guilford County, North Carolina",787,0.30670303975058455
37081012704,All Population,2566,Master's degree,"Census Tract 127.04, Guilford County, North Carolina",108,0.042088854247856584
37081012704,All Population,2566,No schooling completed,"Census Tract 127.04, Guilford County, North Carolina",24,0.009353078721745909
37081012704,All Population,2566,Nursery to 4th grade,"Census Tract 127.04, Guilford County, North Carolina",36,0.014029618082618862
37081012704,All Population,2566,Professional school degree,"Census Tract 127.04, Guilford County, North Carolina",62,0.024162120031176928
37081012704,All Population,2566,"Some college, 1 or more years, no degree","Census Tract 127.04, Guilford County, North Carolina",310,0.12081060015588464
37081012704,All Population,2566,"Some college, less than 1 year","Census Tract 127.04, Guilford County, North Carolina",98,0.03819173811379579
37081012704,All Population,2566,Total Population,"Census Tract 127.04, Guilford County, North Carolina",2566,1
37081012705,All Population,2562,10th grade,"Census Tract 127.05, Guilford County, North Carolina",164,0.06401249024199844
37081012705,All Population,2562,11th grade,"Census Tract 127.05, Guilford County, North Carolina",127,0.04957064793130367
37081012705,All Population,2562,"12th grade, no diploma","Census Tract 127.05, Guilford County, North Carolina",37,0.01444184231069477
37081012705,All Population,2562,5th and 6th grade,"Census Tract 127.05, Guilford County, North Carolina",10,0.0039032006245121
37081012705,All Population,2562,7th and 8th grade,"Census Tract 127.05, Guilford County, North Carolina",7,0.00273224043715847
37081012705,All Population,2562,9th grade,"Census Tract 127.05, Guilford County, North Carolina",47,0.01834504293520687
37081012705,All Population,2562,Associate's degree,"Census Tract 127.05, Guilford County, North Carolina",181,0.070647931303669
37081012705,All Population,2562,Bachelor's degree,"Census Tract 127.05, Guilford County, North Carolina",265,0.10343481654957065
37081012705,All Population,2562,Doctorate degree,"Census Tract 127.05, Guilford County, North Carolina",0,0
37081012705,All Population,2562,High school graduate (includes equivalency),"Census Tract 127.05, Guilford County, North Carolina",1022,0.3989071038251366
37081012705,All Population,2562,Master's degree,"Census Tract 127.05, Guilford County, North Carolina",173,0.06752537080405933
37081012705,All Population,2562,No schooling completed,"Census Tract 127.05, Guilford County, North Carolina",0,0
37081012705,All Population,2562,Nursery to 4th grade,"Census Tract 127.05, Guilford County, North Carolina",0,0
37081012705,All Population,2562,Professional school degree,"Census Tract 127.05, Guilford County, North Carolina",12,0.00468384074941452
37081012705,All Population,2562,"Some college, 1 or more years, no degree","Census Tract 127.05, Guilford County, North Carolina",355,0.13856362217017953
37081012705,All Population,2562,"Some college, less than 1 year","Census Tract 127.05, Guilford County, North Carolina",162,0.06323185011709602
37081012705,All Population,2562,Total Population,"Census Tract 127.05, Guilford County, North Carolina",2562,1
37081012706,All Population,2239,10th grade,"Census Tract 127.06, Guilford County, North Carolina",40,0.01786511835640911
37081012706,All Population,2239,11th grade,"Census Tract 127.06, Guilford County, North Carolina",212,0.09468512728896829
37081012706,All Population,2239,"12th grade, no diploma","Census Tract 127.06, Guilford County, North Carolina",19,0.008485931219294328
37081012706,All Population,2239,5th and 6th grade,"Census Tract 127.06, Guilford County, North Carolina",65,0.029030817329164807
37081012706,All Population,2239,7th and 8th grade,"Census Tract 127.06, Guilford County, North Carolina",84,0.037516748548459135
37081012706,All Population,2239,9th grade,"Census Tract 127.06, Guilford County, North Carolina",100,0.044662795891022775
37081012706,All Population,2239,Associate's degree,"Census Tract 127.06, Guilford County, North Carolina",92,0.04108977221974096
37081012706,All Population,2239,Bachelor's degree,"Census Tract 127.06, Guilford County, North Carolina",73,0.03260384100044663
37081012706,All Population,2239,Doctorate degree,"Census Tract 127.06, Guilford County, North Carolina",0,0
37081012706,All Population,2239,High school graduate (includes equivalency),"Census Tract 127.06, Guilford County, North Carolina",903,0.40330504689593566
37081012706,All Population,2239,Master's degree,"Census Tract 127.06, Guilford County, North Carolina",13,0.005806163465832961
37081012706,All Population,2239,No schooling completed,"Census Tract 127.06, Guilford County, North Carolina",33,0.014738722644037517
37081012706,All Population,2239,Nursery to 4th grade,"Census Tract 127.06, Guilford County, North Carolina",14,0.006252791424743189
37081012706,All Population,2239,Professional school degree,"Census Tract 127.06, Guilford County, North Carolina",0,0
37081012706,All Population,2239,"Some college, 1 or more years, no degree","Census Tract 127.06, Guilford County, North Carolina",470,0.20991514068780706
37081012706,All Population,2239,"Some college, less than 1 year","Census Tract 127.06, Guilford County, North Carolina",121,0.054041983028137563
37081012706,All Population,2239,Total Population,"Census Tract 127.06, Guilford County, North Carolina",2239,1
37081012707,All Population,1720,10th grade,"Census Tract 127.07, Guilford County, North Carolina",138,0.08023255813953488
37081012707,All Population,1720,11th grade,"Census Tract 127.07, Guilford County, North Carolina",78,0.04534883720930233
37081012707,All Population,1720,"12th grade, no diploma","Census Tract 127.07, Guilford County, North Carolina",30,0.01744186046511628
37081012707,All Population,1720,5th and 6th grade,"Census Tract 127.07, Guilford County, North Carolina",30,0.01744186046511628
37081012707,All Population,1720,7th and 8th grade,"Census Tract 127.07, Guilford County, North Carolina",45,0.02616279069767442
37081012707,All Population,1720,9th grade,"Census Tract 127.07, Guilford County, North Carolina",37,0.021511627906976746
37081012707,All Population,1720,Associate's degree,"Census Tract 127.07, Guilford County, North Carolina",231,0.13430232558139535
37081012707,All Population,1720,Bachelor's degree,"Census Tract 127.07, Guilford County, North Carolina",153,0.08895348837209302
37081012707,All Population,1720,Doctorate degree,"Census Tract 127.07, Guilford County, North Carolina",0,0
37081012707,All Population,1720,High school graduate (includes equivalency),"Census Tract 127.07, Guilford County, North Carolina",613,0.3563953488372093
37081012707,All Population,1720,Master's degree,"Census Tract 127.07, Guilford County, North Carolina",14,0.00813953488372093
37081012707,All Population,1720,No schooling completed,"Census Tract 127.07, Guilford County, North Carolina",31,0.01802325581395349
37081012707,All Population,1720,Nursery to 4th grade,"Census Tract 127.07, Guilford County, North Carolina",16,0.009302325581395349
37081012707,All Population,1720,Professional school degree,"Census Tract 127.07, Guilford County, North Carolina",8,0.004651162790697674
37081012707,All Population,1720,"Some college, 1 or more years, no degree","Census Tract 127.07, Guilford County, North Carolina",226,0.1313953488372093
37081012707,All Population,1720,"Some college, less than 1 year","Census Tract 127.07, Guilford County, North Carolina",70,0.040697674418604654
37081012707,All Population,1720,Total Population,"Census Tract 127.07, Guilford County, North Carolina",1720,1
37081012803,All Population,5688,10th grade,"Census Tract 128.03, Guilford County, North Carolina",116,0.020393811533052038
37081012803,All Population,5688,11th grade,"Census Tract 128.03, Guilford County, North Carolina",223,0.03920534458509142
37081012803,All Population,5688,"12th grade, no diploma","Census Tract 128.03, Guilford County, North Carolina",91,0.0159985935302391
37081012803,All Population,5688,5th and 6th grade,"Census Tract 128.03, Guilford County, North Carolina",27,0.004746835443037975
37081012803,All Population,5688,7th and 8th grade,"Census Tract 128.03, Guilford County, North Carolina",115,0.020218002812939524
37081012803,All Population,5688,9th grade,"Census Tract 128.03, Guilford County, North Carolina",333,0.058544303797468354
37081012803,All Population,5688,Associate's degree,"Census Tract 128.03, Guilford County, North Carolina",356,0.06258790436005626
37081012803,All Population,5688,Bachelor's degree,"Census Tract 128.03, Guilford County, North Carolina",963,0.16930379746835442
37081012803,All Population,5688,Doctorate degree,"Census Tract 128.03, Guilford County, North Carolina",68,0.011954992967651195
37081012803,All Population,5688,High school graduate (includes equivalency),"Census Tract 128.03, Guilford County, North Carolina",1200,0.2109704641350211
37081012803,All Population,5688,Master's degree,"Census Tract 128.03, Guilford County, North Carolina",414,0.07278481012658228
37081012803,All Population,5688,No schooling completed,"Census Tract 128.03, Guilford County, North Carolina",63,0.011075949367088608
37081012803,All Population,5688,Nursery to 4th grade,"Census Tract 128.03, Guilford County, North Carolina",9,0.0015822784810126582
37081012803,All Population,5688,Professional school degree,"Census Tract 128.03, Guilford County, North Carolina",105,0.018459915611814346
37081012803,All Population,5688,"Some college, 1 or more years, no degree","Census Tract 128.03, Guilford County, North Carolina",1057,0.18582981715893107
37081012803,All Population,5688,"Some college, less than 1 year","Census Tract 128.03, Guilford County, North Carolina",548,0.09634317862165963
37081012803,All Population,5688,Total Population,"Census Tract 128.03, Guilford County, North Carolina",5688,1
37081012804,All Population,2928,10th grade,"Census Tract 128.04, Guilford County, North Carolina",30,0.010245901639344262
37081012804,All Population,2928,11th grade,"Census Tract 128.04, Guilford County, North Carolina",62,0.02117486338797814
37081012804,All Population,2928,"12th grade, no diploma","Census Tract 128.04, Guilford County, North Carolina",38,0.012978142076502733
37081012804,All Population,2928,5th and 6th grade,"Census Tract 128.04, Guilford County, North Carolina",36,0.012295081967213115
37081012804,All Population,2928,7th and 8th grade,"Census Tract 128.04, Guilford County, North Carolina",41,0.014002732240437158
37081012804,All Population,2928,9th grade,"Census Tract 128.04, Guilford County, North Carolina",23,0.007855191256830601
37081012804,All Population,2928,Associate's degree,"Census Tract 128.04, Guilford County, North Carolina",138,0.0471311475409836
37081012804,All Population,2928,Bachelor's degree,"Census Tract 128.04, Guilford County, North Carolina",385,0.13148907103825136
37081012804,All Population,2928,Doctorate degree,"Census Tract 128.04, Guilford County, North Carolina",9,0.0030737704918032786
37081012804,All Population,2928,High school graduate (includes equivalency),"Census Tract 128.04, Guilford County, North Carolina",939,0.3206967213114754
37081012804,All Population,2928,Master's degree,"Census Tract 128.04, Guilford County, North Carolina",221,0.07547814207650273
37081012804,All Population,2928,No schooling completed,"Census Tract 128.04, Guilford County, North Carolina",9,0.0030737704918032786
37081012804,All Population,2928,Nursery to 4th grade,"Census Tract 128.04, Guilford County, North Carolina",4,0.001366120218579235
37081012804,All Population,2928,Professional school degree,"Census Tract 128.04, Guilford County, North Carolina",45,0.015368852459016393
37081012804,All Population,2928,"Some college, 1 or more years, no degree","Census Tract 128.04, Guilford County, North Carolina",730,0.24931693989071038
37081012804,All Population,2928,"Some college, less than 1 year","Census Tract 128.04, Guilford County, North Carolina",218,0.0744535519125683
37081012804,All Population,2928,Total Population,"Census Tract 128.04, Guilford County, North Carolina",2928,1
37081012805,All Population,1995,10th grade,"Census Tract 128.05, Guilford County, North Carolina",92,0.04611528822055138
37081012805,All Population,1995,11th grade,"Census Tract 128.05, Guilford County, North Carolina",88,0.04411027568922306
37081012805,All Population,1995,"12th grade, no diploma","Census Tract 128.05, Guilford County, North Carolina",55,0.02756892230576441
37081012805,All Population,1995,5th and 6th grade,"Census Tract 128.05, Guilford County, North Carolina",9,0.004511278195488722
37081012805,All Population,1995,7th and 8th grade,"Census Tract 128.05, Guilford County, North Carolina",108,0.05413533834586466
37081012805,All Population,1995,9th grade,"Census Tract 128.05, Guilford County, North Carolina",14,0.007017543859649123
37081012805,All Population,1995,Associate's degree,"Census Tract 128.05, Guilford County, North Carolina",106,0.053132832080200504
37081012805,All Population,1995,Bachelor's degree,"Census Tract 128.05, Guilford County, North Carolina",283,0.1418546365914787
37081012805,All Population,1995,Doctorate degree,"Census Tract 128.05, Guilford County, North Carolina",9,0.004511278195488722
37081012805,All Population,1995,High school graduate (includes equivalency),"Census Tract 128.05, Guilford County, North Carolina",565,0.2832080200501253
37081012805,All Population,1995,Master's degree,"Census Tract 128.05, Guilford County, North Carolina",158,0.07919799498746867
37081012805,All Population,1995,No schooling completed,"Census Tract 128.05, Guilford County, North Carolina",70,0.03508771929824561
37081012805,All Population,1995,Nursery to 4th grade,"Census Tract 128.05, Guilford County, North Carolina",0,0
37081012805,All Population,1995,Professional school degree,"Census Tract 128.05, Guilford County, North Carolina",22,0.011027568922305764
37081012805,All Population,1995,"Some college, 1 or more years, no degree","Census Tract 128.05, Guilford County, North Carolina",306,0.15338345864661654
37081012805,All Population,1995,"Some college, less than 1 year","Census Tract 128.05, Guilford County, North Carolina",110,0.05513784461152882
37081012805,All Population,1995,Total Population,"Census Tract 128.05, Guilford County, North Carolina",1995,1
37081013601,All Population,610,10th grade,"Census Tract 136.01, Guilford County, North Carolina",32,0.05245901639344262
37081013601,All Population,610,11th grade,"Census Tract 136.01, Guilford County, North Carolina",40,0.06557377049180328
37081013601,All Population,610,"12th grade, no diploma","Census Tract 136.01, Guilford County, North Carolina",10,0.01639344262295082
37081013601,All Population,610,5th and 6th grade,"Census Tract 136.01, Guilford County, North Carolina",5,0.00819672131147541
37081013601,All Population,610,7th and 8th grade,"Census Tract 136.01, Guilford County, North Carolina",17,0.027868852459016394
37081013601,All Population,610,9th grade,"Census Tract 136.01, Guilford County, North Carolina",32,0.05245901639344262
37081013601,All Population,610,Associate's degree,"Census Tract 136.01, Guilford County, North Carolina",45,0.07377049180327869
37081013601,All Population,610,Bachelor's degree,"Census Tract 136.01, Guilford County, North Carolina",67,0.10983606557377049
37081013601,All Population,610,Doctorate degree,"Census Tract 136.01, Guilford County, North Carolina",0,0
37081013601,All Population,610,High school graduate (includes equivalency),"Census Tract 136.01, Guilford County, North Carolina",178,0.29180327868852457
37081013601,All Population,610,Master's degree,"Census Tract 136.01, Guilford County, North Carolina",17,0.027868852459016394
37081013601,All Population,610,No schooling completed,"Census Tract 136.01, Guilford County, North Carolina",13,0.021311475409836064
37081013601,All Population,610,Nursery to 4th grade,"Census Tract 136.01, Guilford County, North Carolina",0,0
37081013601,All Population,610,Professional school degree,"Census Tract 136.01, Guilford County, North Carolina",2,0.003278688524590164
37081013601,All Population,610,"Some college, 1 or more years, no degree","Census Tract 136.01, Guilford County, North Carolina",106,0.1737704918032787
37081013601,All Population,610,"Some college, less than 1 year","Census Tract 136.01, Guilford County, North Carolina",46,0.07540983606557378
37081013601,All Population,610,Total Population,"Census Tract 136.01, Guilford County, North Carolina",610,1
37081013602,All Population,2152,10th grade,"Census Tract 136.02, Guilford County, North Carolina",123,0.05715613382899628
37081013602,All Population,2152,11th grade,"Census Tract 136.02, Guilford County, North Carolina",61,0.028345724907063198
37081013602,All Population,2152,"12th grade, no diploma","Census Tract 136.02, Guilford County, North Carolina",9,0.004182156133828996
37081013602,All Population,2152,5th and 6th grade,"Census Tract 136.02, Guilford County, North Carolina",15,0.006970260223048327
37081013602,All Population,2152,7th and 8th grade,"Census Tract 136.02, Guilford County, North Carolina",61,0.028345724907063198
37081013602,All Population,2152,9th grade,"Census Tract 136.02, Guilford County, North Carolina",44,0.020446096654275093
37081013602,All Population,2152,Associate's degree,"Census Tract 136.02, Guilford County, North Carolina",206,0.09572490706319703
37081013602,All Population,2152,Bachelor's degree,"Census Tract 136.02, Guilford County, North Carolina",322,0.1496282527881041
37081013602,All Population,2152,Doctorate degree,"Census Tract 136.02, Guilford County, North Carolina",7,0.0032527881040892194
37081013602,All Population,2152,High school graduate (includes equivalency),"Census Tract 136.02, Guilford County, North Carolina",494,0.2295539033457249
37081013602,All Population,2152,Master's degree,"Census Tract 136.02, Guilford County, North Carolina",91,0.04228624535315985
37081013602,All Population,2152,No schooling completed,"Census Tract 136.02, Guilford County, North Carolina",68,0.031598513011152414
37081013602,All Population,2152,Nursery to 4th grade,"Census Tract 136.02, Guilford County, North Carolina",18,0.008364312267657992
37081013602,All Population,2152,Professional school degree,"Census Tract 136.02, Guilford County, North Carolina",8,0.0037174721189591076
37081013602,All Population,2152,"Some college, 1 or more years, no degree","Census Tract 136.02, Guilford County, North Carolina",457,0.21236059479553904
37081013602,All Population,2152,"Some college, less than 1 year","Census Tract 136.02, Guilford County, North Carolina",168,0.07806691449814127
37081013602,All Population,2152,Total Population,"Census Tract 136.02, Guilford County, North Carolina",2152,1
37081013700,All Population,2894,10th grade,"Census Tract 137, Guilford County, North Carolina",39,0.013476157567380787
37081013700,All Population,2894,11th grade,"Census Tract 137, Guilford County, North Carolina",6,0.002073255010366275
37081013700,All Population,2894,"12th grade, no diploma","Census Tract 137, Guilford County, North Carolina",23,0.007947477539737388
37081013700,All Population,2894,5th and 6th grade,"Census Tract 137, Guilford County, North Carolina",7,0.0024187975120939877
37081013700,All Population,2894,7th and 8th grade,"Census Tract 137, Guilford County, North Carolina",33,0.011402902557014512
37081013700,All Population,2894,9th grade,"Census Tract 137, Guilford County, North Carolina",29,0.010020732550103663
37081013700,All Population,2894,Associate's degree,"Census Tract 137, Guilford County, North Carolina",280,0.0967519004837595
37081013700,All Population,2894,Bachelor's degree,"Census Tract 137, Guilford County, North Carolina",925,0.3196268140981341
37081013700,All Population,2894,Doctorate degree,"Census Tract 137, Guilford County, North Carolina",63,0.021769177608845888
37081013700,All Population,2894,High school graduate (includes equivalency),"Census Tract 137, Guilford County, North Carolina",474,0.16378714581893572
37081013700,All Population,2894,Master's degree,"Census Tract 137, Guilford County, North Carolina",315,0.10884588804422944
37081013700,All Population,2894,No schooling completed,"Census Tract 137, Guilford County, North Carolina",10,0.0034554250172771253
37081013700,All Population,2894,Nursery to 4th grade,"Census Tract 137, Guilford County, North Carolina",0,0
37081013700,All Population,2894,Professional school degree,"Census Tract 137, Guilford County, North Carolina",126,0.043538355217691775
37081013700,All Population,2894,"Some college, 1 or more years, no degree","Census Tract 137, Guilford County, North Carolina",403,0.13925362819626813
37081013700,All Population,2894,"Some college, less than 1 year","Census Tract 137, Guilford County, North Carolina",161,0.05563234277816172
37081013700,All Population,2894,Total Population,"Census Tract 137, Guilford County, North Carolina",2894,1
37081013800,All Population,3084,10th grade,"Census Tract 138, Guilford County, North Carolina",220,0.07133592736705577
37081013800,All Population,3084,11th grade,"Census Tract 138, Guilford County, North Carolina",236,0.07652399481193256
37081013800,All Population,3084,"12th grade, no diploma","Census Tract 138, Guilford County, North Carolina",18,0.005836575875486381
37081013800,All Population,3084,5th and 6th grade,"Census Tract 138, Guilford County, North Carolina",116,0.03761348897535668
37081013800,All Population,3084,7th and 8th grade,"Census Tract 138, Guilford County, North Carolina",249,0.08073929961089495
37081013800,All Population,3084,9th grade,"Census Tract 138, Guilford County, North Carolina",34,0.011024643320363165
37081013800,All Population,3084,Associate's degree,"Census Tract 138, Guilford County, North Carolina",133,0.04312581063553826
37081013800,All Population,3084,Bachelor's degree,"Census Tract 138, Guilford County, North Carolina",208,0.06744487678339818
37081013800,All Population,3084,Doctorate degree,"Census Tract 138, Guilford County, North Carolina",0,0
37081013800,All Population,3084,High school graduate (includes equivalency),"Census Tract 138, Guilford County, North Carolina",1022,0.33138780804150453
37081013800,All Population,3084,Master's degree,"Census Tract 138, Guilford County, North Carolina",24,0.007782101167315175
37081013800,All Population,3084,No schooling completed,"Census Tract 138, Guilford County, North Carolina",83,0.026913099870298315
37081013800,All Population,3084,Nursery to 4th grade,"Census Tract 138, Guilford County, North Carolina",121,0.039234760051880674
37081013800,All Population,3084,Professional school degree,"Census Tract 138, Guilford County, North Carolina",0,0
37081013800,All Population,3084,"Some college, 1 or more years, no degree","Census Tract 138, Guilford County, North Carolina",447,0.14494163424124515
37081013800,All Population,3084,"Some college, less than 1 year","Census Tract 138, Guilford County, North Carolina",173,0.05609597924773022
37081013800,All Population,3084,Total Population,"Census Tract 138, Guilford County, North Carolina",3084,1
37081013900,All Population,2522,10th grade,"Census Tract 139, Guilford County, North Carolina",193,0.07652656621728787
37081013900,All Population,2522,11th grade,"Census Tract 139, Guilford County, North Carolina",186,0.07375099127676447
37081013900,All Population,2522,"12th grade, no diploma","Census Tract 139, Guilford County, North Carolina",100,0.03965107057890563
37081013900,All Population,2522,5th and 6th grade,"Census Tract 139, Guilford County, North Carolina",23,0.009119746233148296
37081013900,All Population,2522,7th and 8th grade,"Census Tract 139, Guilford County, North Carolina",56,0.022204599524187154
37081013900,All Population,2522,9th grade,"Census Tract 139, Guilford County, North Carolina",244,0.09674861221252974
37081013900,All Population,2522,Associate's degree,"Census Tract 139, Guilford County, North Carolina",140,0.05551149881046788
37081013900,All Population,2522,Bachelor's degree,"Census Tract 139, Guilford County, North Carolina",81,0.03211736716891356
37081013900,All Population,2522,Doctorate degree,"Census Tract 139, Guilford County, North Carolina",8,0.0031720856463124504
37081013900,All Population,2522,High school graduate (includes equivalency),"Census Tract 139, Guilford County, North Carolina",711,0.28191911181601903
37081013900,All Population,2522,Master's degree,"Census Tract 139, Guilford County, North Carolina",22,0.008723235527359239
37081013900,All Population,2522,No schooling completed,"Census Tract 139, Guilford County, North Carolina",85,0.033703409992069784
37081013900,All Population,2522,Nursery to 4th grade,"Census Tract 139, Guilford County, North Carolina",40,0.01586042823156225
37081013900,All Population,2522,Professional school degree,"Census Tract 139, Guilford County, North Carolina",0,0
37081013900,All Population,2522,"Some college, 1 or more years, no degree","Census Tract 139, Guilford County, North Carolina",468,0.18556701030927836
37081013900,All Population,2522,"Some college, less than 1 year","Census Tract 139, Guilford County, North Carolina",165,0.0654242664551943
37081013900,All Population,2522,Total Population,"Census Tract 139, Guilford County, North Carolina",2522,1
37081014000,All Population,2030,10th grade,"Census Tract 140, Guilford County, North Carolina",22,0.01083743842364532
37081014000,All Population,2030,11th grade,"Census Tract 140, Guilford County, North Carolina",164,0.08078817733990148
37081014000,All Population,2030,"12th grade, no diploma","Census Tract 140, Guilford County, North Carolina",20,0.009852216748768473
37081014000,All Population,2030,5th and 6th grade,"Census Tract 140, Guilford County, North Carolina",71,0.034975369458128076
37081014000,All Population,2030,7th and 8th grade,"Census Tract 140, Guilford County, North Carolina",66,0.03251231527093596
37081014000,All Population,2030,9th grade,"Census Tract 140, Guilford County, North Carolina",138,0.06798029556650247
37081014000,All Population,2030,Associate's degree,"Census Tract 140, Guilford County, North Carolina",139,0.06847290640394088
37081014000,All Population,2030,Bachelor's degree,"Census Tract 140, Guilford County, North Carolina",212,0.10443349753694581
37081014000,All Population,2030,Doctorate degree,"Census Tract 140, Guilford County, North Carolina",0,0
37081014000,All Population,2030,High school graduate (includes equivalency),"Census Tract 140, Guilford County, North Carolina",609,0.3
37081014000,All Population,2030,Master's degree,"Census Tract 140, Guilford County, North Carolina",45,0.022167487684729065
37081014000,All Population,2030,No schooling completed,"Census Tract 140, Guilford County, North Carolina",11,0.00541871921182266
37081014000,All Population,2030,Nursery to 4th grade,"Census Tract 140, Guilford County, North Carolina",35,0.017241379310344827
37081014000,All Population,2030,Professional school degree,"Census Tract 140, Guilford County, North Carolina",15,0.007389162561576354
37081014000,All Population,2030,"Some college, 1 or more years, no degree","Census Tract 140, Guilford County, North Carolina",276,0.13596059113300493
37081014000,All Population,2030,"Some college, less than 1 year","Census Tract 140, Guilford County, North Carolina",207,0.10197044334975369
37081014000,All Population,2030,Total Population,"Census Tract 140, Guilford County, North Carolina",2030,1
37081014200,All Population,2705,10th grade,"Census Tract 142, Guilford County, North Carolina",215,0.07948243992606285
37081014200,All Population,2705,11th grade,"Census Tract 142, Guilford County, North Carolina",95,0.03512014787430684
37081014200,All Population,2705,"12th grade, no diploma","Census Tract 142, Guilford County, North Carolina",71,0.02624768946395564
37081014200,All Population,2705,5th and 6th grade,"Census Tract 142, Guilford County, North Carolina",8,0.0029574861367837337
37081014200,All Population,2705,7th and 8th grade,"Census Tract 142, Guilford County, North Carolina",104,0.03844731977818854
37081014200,All Population,2705,9th grade,"Census Tract 142, Guilford County, North Carolina",103,0.03807763401109057
37081014200,All Population,2705,Associate's degree,"Census Tract 142, Guilford County, North Carolina",178,0.06580406654343808
37081014200,All Population,2705,Bachelor's degree,"Census Tract 142, Guilford County, North Carolina",134,0.04953789279112754
37081014200,All Population,2705,Doctorate degree,"Census Tract 142, Guilford County, North Carolina",0,0
37081014200,All Population,2705,High school graduate (includes equivalency),"Census Tract 142, Guilford County, North Carolina",883,0.32643253234750463
37081014200,All Population,2705,Master's degree,"Census Tract 142, Guilford County, North Carolina",12,0.0044362292051756
37081014200,All Population,2705,No schooling completed,"Census Tract 142, Guilford County, North Carolina",88,0.03253234750462107
37081014200,All Population,2705,Nursery to 4th grade,"Census Tract 142, Guilford County, North Carolina",0,0
37081014200,All Population,2705,Professional school degree,"Census Tract 142, Guilford County, North Carolina",0,0
37081014200,All Population,2705,"Some college, 1 or more years, no degree","Census Tract 142, Guilford County, North Carolina",589,0.2177449168207024
37081014200,All Population,2705,"Some college, less than 1 year","Census Tract 142, Guilford County, North Carolina",225,0.08317929759704251
37081014200,All Population,2705,Total Population,"Census Tract 142, Guilford County, North Carolina",2705,1
37081014300,All Population,2092,10th grade,"Census Tract 143, Guilford County, North Carolina",138,0.06596558317399617
37081014300,All Population,2092,11th grade,"Census Tract 143, Guilford County, North Carolina",98,0.04684512428298279
37081014300,All Population,2092,"12th grade, no diploma","Census Tract 143, Guilford County, North Carolina",47,0.022466539196940728
37081014300,All Population,2092,5th and 6th grade,"Census Tract 143, Guilford County, North Carolina",65,0.03107074569789675
37081014300,All Population,2092,7th and 8th grade,"Census Tract 143, Guilford County, North Carolina",219,0.10468451242829828
37081014300,All Population,2092,9th grade,"Census Tract 143, Guilford County, North Carolina",72,0.03441682600382409
37081014300,All Population,2092,Associate's degree,"Census Tract 143, Guilford County, North Carolina",56,0.02676864244741874
37081014300,All Population,2092,Bachelor's degree,"Census Tract 143, Guilford County, North Carolina",109,0.052103250478011474
37081014300,All Population,2092,Doctorate degree,"Census Tract 143, Guilford County, North Carolina",0,0
37081014300,All Population,2092,High school graduate (includes equivalency),"Census Tract 143, Guilford County, North Carolina",714,0.34130019120458893
37081014300,All Population,2092,Master's degree,"Census Tract 143, Guilford County, North Carolina",6,0.0028680688336520078
37081014300,All Population,2092,No schooling completed,"Census Tract 143, Guilford County, North Carolina",105,0.05019120458891013
37081014300,All Population,2092,Nursery to 4th grade,"Census Tract 143, Guilford County, North Carolina",48,0.022944550669216062
37081014300,All Population,2092,Professional school degree,"Census Tract 143, Guilford County, North Carolina",0,0
37081014300,All Population,2092,"Some college, 1 or more years, no degree","Census Tract 143, Guilford County, North Carolina",311,0.14866156787762907
37081014300,All Population,2092,"Some college, less than 1 year","Census Tract 143, Guilford County, North Carolina",104,0.0497131931166348
37081014300,All Population,2092,Total Population,"Census Tract 143, Guilford County, North Carolina",2092,1
37081014406,All Population,1886,10th grade,"Census Tract 144.06, Guilford County, North Carolina",22,0.01166489925768823
37081014406,All Population,1886,11th grade,"Census Tract 144.06, Guilford County, North Carolina",87,0.04612937433722163
37081014406,All Population,1886,"12th grade, no diploma","Census Tract 144.06, Guilford County, North Carolina",49,0.025980911983032873
37081014406,All Population,1886,5th and 6th grade,"Census Tract 144.06, Guilford County, North Carolina",23,0.012195121951219513
37081014406,All Population,1886,7th and 8th grade,"Census Tract 144.06, Guilford County, North Carolina",66,0.03499469777306469
37081014406,All Population,1886,9th grade,"Census Tract 144.06, Guilford County, North Carolina",39,0.020678685047720042
37081014406,All Population,1886,Associate's degree,"Census Tract 144.06, Guilford County, North Carolina",220,0.11664899257688228
37081014406,All Population,1886,Bachelor's degree,"Census Tract 144.06, Guilford County, North Carolina",112,0.05938494167550371
37081014406,All Population,1886,Doctorate degree,"Census Tract 144.06, Guilford County, North Carolina",5,0.002651113467656416
37081014406,All Population,1886,High school graduate (includes equivalency),"Census Tract 144.06, Guilford County, North Carolina",616,0.3266171792152704
37081014406,All Population,1886,Master's degree,"Census Tract 144.06, Guilford County, North Carolina",107,0.056733828207847295
37081014406,All Population,1886,No schooling completed,"Census Tract 144.06, Guilford County, North Carolina",3,0.0015906680805938495
37081014406,All Population,1886,Nursery to 4th grade,"Census Tract 144.06, Guilford County, North Carolina",17,0.009013785790031814
37081014406,All Population,1886,Professional school degree,"Census Tract 144.06, Guilford County, North Carolina",0,0
37081014406,All Population,1886,"Some college, 1 or more years, no degree","Census Tract 144.06, Guilford County, North Carolina",361,0.1914103923647932
37081014406,All Population,1886,"Some college, less than 1 year","Census Tract 144.06, Guilford County, North Carolina",159,0.08430540827147402
37081014406,All Population,1886,Total Population,"Census Tract 144.06, Guilford County, North Carolina",1886,1
37081014407,All Population,4403,10th grade,"Census Tract 144.07, Guilford County, North Carolina",125,0.028389734272087214
37081014407,All Population,4403,11th grade,"Census Tract 144.07, Guilford County, North Carolina",87,0.019759255053372702
37081014407,All Population,4403,"12th grade, no diploma","Census Tract 144.07, Guilford County, North Carolina",79,0.01794231205995912
37081014407,All Population,4403,5th and 6th grade,"Census Tract 144.07, Guilford County, North Carolina",59,0.013399954576425165
37081014407,All Population,4403,7th and 8th grade,"Census Tract 144.07, Guilford County, North Carolina",27,0.006132182602770838
37081014407,All Population,4403,9th grade,"Census Tract 144.07, Guilford County, North Carolina",44,0.009993186463774699
37081014407,All Population,4403,Associate's degree,"Census Tract 144.07, Guilford County, North Carolina",551,0.12514194867136044
37081014407,All Population,4403,Bachelor's degree,"Census Tract 144.07, Guilford County, North Carolina",981,0.22280263456734045
37081014407,All Population,4403,Doctorate degree,"Census Tract 144.07, Guilford County, North Carolina",70,0.01589825119236884
37081014407,All Population,4403,High school graduate (includes equivalency),"Census Tract 144.07, Guilford County, North Carolina",1131,0.2568703156938451
37081014407,All Population,4403,Master's degree,"Census Tract 144.07, Guilford County, North Carolina",441,0.10015898251192369
37081014407,All Population,4403,No schooling completed,"Census Tract 144.07, Guilford County, North Carolina",18,0.004088121735180559
37081014407,All Population,4403,Nursery to 4th grade,"Census Tract 144.07, Guilford County, North Carolina",15,0.0034067681126504655
37081014407,All Population,4403,Professional school degree,"Census Tract 144.07, Guilford County, North Carolina",116,0.026345673404496932
37081014407,All Population,4403,"Some college, 1 or more years, no degree","Census Tract 144.07, Guilford County, North Carolina",461,0.10470133999545764
37081014407,All Population,4403,"Some college, less than 1 year","Census Tract 144.07, Guilford County, North Carolina",198,0.044969339086986145
37081014407,All Population,4403,Total Population,"Census Tract 144.07, Guilford County, North Carolina",4403,1
37081014408,All Population,1340,10th grade,"Census Tract 144.08, Guilford County, North Carolina",94,0.07014925373134329
37081014408,All Population,1340,11th grade,"Census Tract 144.08, Guilford County, North Carolina",32,0.023880597014925373
37081014408,All Population,1340,"12th grade, no diploma","Census Tract 144.08, Guilford County, North Carolina",86,0.06417910447761194
37081014408,All Population,1340,5th and 6th grade,"Census Tract 144.08, Guilford County, North Carolina",84,0.0626865671641791
37081014408,All Population,1340,7th and 8th grade,"Census Tract 144.08, Guilford County, North Carolina",120,0.08955223880597014
37081014408,All Population,1340,9th grade,"Census Tract 144.08, Guilford County, North Carolina",87,0.06492537313432836
37081014408,All Population,1340,Associate's degree,"Census Tract 144.08, Guilford County, North Carolina",97,0.07238805970149254
37081014408,All Population,1340,Bachelor's degree,"Census Tract 144.08, Guilford County, North Carolina",164,0.12238805970149254
37081014408,All Population,1340,Doctorate degree,"Census Tract 144.08, Guilford County, North Carolina",0,0
37081014408,All Population,1340,High school graduate (includes equivalency),"Census Tract 144.08, Guilford County, North Carolina",255,0.19029850746268656
37081014408,All Population,1340,Master's degree,"Census Tract 144.08, Guilford County, North Carolina",45,0.033582089552238806
37081014408,All Population,1340,No schooling completed,"Census Tract 144.08, Guilford County, North Carolina",3,0.002238805970149254
37081014408,All Population,1340,Nursery to 4th grade,"Census Tract 144.08, Guilford County, North Carolina",9,0.006716417910447761
37081014408,All Population,1340,Professional school degree,"Census Tract 144.08, Guilford County, North Carolina",2,0.0014925373134328358
37081014408,All Population,1340,"Some college, 1 or more years, no degree","Census Tract 144.08, Guilford County, North Carolina",189,0.141044776119403
37081014408,All Population,1340,"Some college, less than 1 year","Census Tract 144.08, Guilford County, North Carolina",73,0.05447761194029851
37081014408,All Population,1340,Total Population,"Census Tract 144.08, Guilford County, North Carolina",1340,1
37081014409,All Population,1809,10th grade,"Census Tract 144.09, Guilford County, North Carolina",68,0.037589828634604756
37081014409,All Population,1809,11th grade,"Census Tract 144.09, Guilford County, North Carolina",7,0.003869541182974019
37081014409,All Population,1809,"12th grade, no diploma","Census Tract 144.09, Guilford County, North Carolina",11,0.006080707573244887
37081014409,All Population,1809,5th and 6th grade,"Census Tract 144.09, Guilford County, North Carolina",12,0.006633499170812604
37081014409,All Population,1809,7th and 8th grade,"Census Tract 144.09, Guilford County, North Carolina",11,0.006080707573244887
37081014409,All Population,1809,9th grade,"Census Tract 144.09, Guilford County, North Carolina",21,0.011608623548922056
37081014409,All Population,1809,Associate's degree,"Census Tract 144.09, Guilford County, North Carolina",100,0.055279159756771695
37081014409,All Population,1809,Bachelor's degree,"Census Tract 144.09, Guilford County, North Carolina",309,0.17081260364842454
37081014409,All Population,1809,Doctorate degree,"Census Tract 144.09, Guilford County, North Carolina",9,0.004975124378109453
37081014409,All Population,1809,High school graduate (includes equivalency),"Census Tract 144.09, Guilford County, North Carolina",658,0.3637368711995578
37081014409,All Population,1809,Master's degree,"Census Tract 144.09, Guilford County, North Carolina",40,0.02211166390270868
37081014409,All Population,1809,No schooling completed,"Census Tract 144.09, Guilford County, North Carolina",22,0.012161415146489774
37081014409,All Population,1809,Nursery to 4th grade,"Census Tract 144.09, Guilford County, North Carolina",0,0
37081014409,All Population,1809,Professional school degree,"Census Tract 144.09, Guilford County, North Carolina",20,0.01105583195135434
37081014409,All Population,1809,"Some college, 1 or more years, no degree","Census Tract 144.09, Guilford County, North Carolina",294,0.1625207296849088
37081014409,All Population,1809,"Some college, less than 1 year","Census Tract 144.09, Guilford County, North Carolina",227,0.12548369264787176
37081014409,All Population,1809,Total Population,"Census Tract 144.09, Guilford County, North Carolina",1809,1
37081014410,All Population,2734,10th grade,"Census Tract 144.10, Guilford County, North Carolina",83,0.03035844915874177
37081014410,All Population,2734,11th grade,"Census Tract 144.10, Guilford County, North Carolina",41,0.014996342355523043
37081014410,All Population,2734,"12th grade, no diploma","Census Tract 144.10, Guilford County, North Carolina",19,0.006949524506217996
37081014410,All Population,2734,5th and 6th grade,"Census Tract 144.10, Guilford County, North Carolina",18,0.006583760058522311
37081014410,All Population,2734,7th and 8th grade,"Census Tract 144.10, Guilford County, North Carolina",42,0.015362106803218726
37081014410,All Population,2734,9th grade,"Census Tract 144.10, Guilford County, North Carolina",38,0.013899049012435992
37081014410,All Population,2734,Associate's degree,"Census Tract 144.10, Guilford County, North Carolina",136,0.04974396488661302
37081014410,All Population,2734,Bachelor's degree,"Census Tract 144.10, Guilford County, North Carolina",503,0.18397951719092903
37081014410,All Population,2734,Doctorate degree,"Census Tract 144.10, Guilford County, North Carolina",33,0.012070226773957572
37081014410,All Population,2734,High school graduate (includes equivalency),"Census Tract 144.10, Guilford County, North Carolina",702,0.25676664228237017
37081014410,All Population,2734,Master's degree,"Census Tract 144.10, Guilford County, North Carolina",213,0.07790782735918068
37081014410,All Population,2734,No schooling completed,"Census Tract 144.10, Guilford County, North Carolina",8,0.002926115581565472
37081014410,All Population,2734,Nursery to 4th grade,"Census Tract 144.10, Guilford County, North Carolina",0,0
37081014410,All Population,2734,Professional school degree,"Census Tract 144.10, Guilford County, North Carolina",0,0
37081014410,All Population,2734,"Some college, 1 or more years, no degree","Census Tract 144.10, Guilford County, North Carolina",738,0.26993416239941476
37081014410,All Population,2734,"Some college, less than 1 year","Census Tract 144.10, Guilford County, North Carolina",160,0.058522311631309436
37081014410,All Population,2734,Total Population,"Census Tract 144.10, Guilford County, North Carolina",2734,1
37081014411,All Population,3082,10th grade,"Census Tract 144.11, Guilford County, North Carolina",86,0.027903958468526932
37081014411,All Population,3082,11th grade,"Census Tract 144.11, Guilford County, North Carolina",67,0.021739130434782608
37081014411,All Population,3082,"12th grade, no diploma","Census Tract 144.11, Guilford County, North Carolina",71,0.023036988968202467
37081014411,All Population,3082,5th and 6th grade,"Census Tract 144.11, Guilford County, North Carolina",61,0.019792342634652824
37081014411,All Population,3082,7th and 8th grade,"Census Tract 144.11, Guilford County, North Carolina",38,0.012329656067488644
37081014411,All Population,3082,9th grade,"Census Tract 144.11, Guilford County, North Carolina",101,0.03277092796885139
37081014411,All Population,3082,Associate's degree,"Census Tract 144.11, Guilford County, North Carolina",445,0.14438676184295912
37081014411,All Population,3082,Bachelor's degree,"Census Tract 144.11, Guilford County, North Carolina",329,0.10674886437378325
37081014411,All Population,3082,Doctorate degree,"Census Tract 144.11, Guilford County, North Carolina",19,0.006164828033744322
37081014411,All Population,3082,High school graduate (includes equivalency),"Census Tract 144.11, Guilford County, North Carolina",907,0.29428942245295264
37081014411,All Population,3082,Master's degree,"Census Tract 144.11, Guilford County, North Carolina",149,0.048345230369889684
37081014411,All Population,3082,No schooling completed,"Census Tract 144.11, Guilford County, North Carolina",37,0.012005191434133679
37081014411,All Population,3082,Nursery to 4th grade,"Census Tract 144.11, Guilford County, North Carolina",104,0.03374432186891629
37081014411,All Population,3082,Professional school degree,"Census Tract 144.11, Guilford County, North Carolina",8,0.0025957170668397143
37081014411,All Population,3082,"Some college, 1 or more years, no degree","Census Tract 144.11, Guilford County, North Carolina",468,0.1518494484101233
37081014411,All Population,3082,"Some college, less than 1 year","Census Tract 144.11, Guilford County, North Carolina",192,0.06229720960415315
37081014411,All Population,3082,Total Population,"Census Tract 144.11, Guilford County, North Carolina",3082,1
37081014412,All Population,2198,10th grade,"Census Tract 144.12, Guilford County, North Carolina",68,0.030937215650591446
37081014412,All Population,2198,11th grade,"Census Tract 144.12, Guilford County, North Carolina",9,0.004094631483166515
37081014412,All Population,2198,"12th grade, no diploma","Census Tract 144.12, Guilford County, North Carolina",83,0.03776160145586897
37081014412,All Population,2198,5th and 6th grade,"Census Tract 144.12, Guilford County, North Carolina",31,0.014103730664240218
37081014412,All Population,2198,7th and 8th grade,"Census Tract 144.12, Guilford County, North Carolina",6,0.00272975432211101
37081014412,All Population,2198,9th grade,"Census Tract 144.12, Guilford County, North Carolina",17,0.0077343039126478615
37081014412,All Population,2198,Associate's degree,"Census Tract 144.12, Guilford County, North Carolina",233,0.10600545950864422
37081014412,All Population,2198,Bachelor's degree,"Census Tract 144.12, Guilford County, North Carolina",437,0.19881710646041856
37081014412,All Population,2198,Doctorate degree,"Census Tract 144.12, Guilford County, North Carolina",29,0.013193812556869881
37081014412,All Population,2198,High school graduate (includes equivalency),"Census Tract 144.12, Guilford County, North Carolina",625,0.2843494085532302
37081014412,All Population,2198,Master's degree,"Census Tract 144.12, Guilford County, North Carolina",173,0.07870791628753412
37081014412,All Population,2198,No schooling completed,"Census Tract 144.12, Guilford County, North Carolina",11,0.005004549590536852
37081014412,All Population,2198,Nursery to 4th grade,"Census Tract 144.12, Guilford County, North Carolina",10,0.004549590536851683
37081014412,All Population,2198,Professional school degree,"Census Tract 144.12, Guilford County, North Carolina",17,0.0077343039126478615
37081014412,All Population,2198,"Some college, 1 or more years, no degree","Census Tract 144.12, Guilford County, North Carolina",353,0.16060054595086443
37081014412,All Population,2198,"Some college, less than 1 year","Census Tract 144.12, Guilford County, North Carolina",96,0.04367606915377616
37081014412,All Population,2198,Total Population,"Census Tract 144.12, Guilford County, North Carolina",2198,1
37081014501,All Population,767,10th grade,"Census Tract 145.01, Guilford County, North Carolina",40,0.05215123859191656
37081014501,All Population,767,11th grade,"Census Tract 145.01, Guilford County, North Carolina",54,0.07040417209908735
37081014501,All Population,767,"12th grade, no diploma","Census Tract 145.01, Guilford County, North Carolina",7,0.009126466753585397
37081014501,All Population,767,5th and 6th grade,"Census Tract 145.01, Guilford County, North Carolina",64,0.08344198174706649
37081014501,All Population,767,7th and 8th grade,"Census Tract 145.01, Guilford County, North Carolina",51,0.06649282920469361
37081014501,All Population,767,9th grade,"Census Tract 145.01, Guilford County, North Carolina",7,0.009126466753585397
37081014501,All Population,767,Associate's degree,"Census Tract 145.01, Guilford County, North Carolina",69,0.08996088657105607
37081014501,All Population,767,Bachelor's degree,"Census Tract 145.01, Guilford County, North Carolina",33,0.04302477183833116
37081014501,All Population,767,Doctorate degree,"Census Tract 145.01, Guilford County, North Carolina",0,0
37081014501,All Population,767,High school graduate (includes equivalency),"Census Tract 145.01, Guilford County, North Carolina",258,0.3363754889178618
37081014501,All Population,767,Master's degree,"Census Tract 145.01, Guilford County, North Carolina",6,0.007822685788787484
37081014501,All Population,767,No schooling completed,"Census Tract 145.01, Guilford County, North Carolina",40,0.05215123859191656
37081014501,All Population,767,Nursery to 4th grade,"Census Tract 145.01, Guilford County, North Carolina",18,0.02346805736636245
37081014501,All Population,767,Professional school degree,"Census Tract 145.01, Guilford County, North Carolina",3,0.003911342894393742
37081014501,All Population,767,"Some college, 1 or more years, no degree","Census Tract 145.01, Guilford County, North Carolina",82,0.10691003911342895
37081014501,All Population,767,"Some college, less than 1 year","Census Tract 145.01, Guilford County, North Carolina",35,0.04563233376792699
37081014501,All Population,767,Total Population,"Census Tract 145.01, Guilford County, North Carolina",767,1
37081014502,All Population,3375,10th grade,"Census Tract 145.02, Guilford County, North Carolina",110,0.03259259259259259
37081014502,All Population,3375,11th grade,"Census Tract 145.02, Guilford County, North Carolina",67,0.019851851851851853
37081014502,All Population,3375,"12th grade, no diploma","Census Tract 145.02, Guilford County, North Carolina",60,0.017777777777777778
37081014502,All Population,3375,5th and 6th grade,"Census Tract 145.02, Guilford County, North Carolina",189,0.056
37081014502,All Population,3375,7th and 8th grade,"Census Tract 145.02, Guilford County, North Carolina",78,0.02311111111111111
37081014502,All Population,3375,9th grade,"Census Tract 145.02, Guilford County, North Carolina",87,0.025777777777777778
37081014502,All Population,3375,Associate's degree,"Census Tract 145.02, Guilford County, North Carolina",190,0.056296296296296296
37081014502,All Population,3375,Bachelor's degree,"Census Tract 145.02, Guilford County, North Carolina",448,0.13274074074074074
37081014502,All Population,3375,Doctorate degree,"Census Tract 145.02, Guilford County, North Carolina",15,0.0044444444444444444
37081014502,All Population,3375,High school graduate (includes equivalency),"Census Tract 145.02, Guilford County, North Carolina",1086,0.3217777777777778
37081014502,All Population,3375,Master's degree,"Census Tract 145.02, Guilford County, North Carolina",115,0.034074074074074076
37081014502,All Population,3375,No schooling completed,"Census Tract 145.02, Guilford County, North Carolina",152,0.045037037037037035
37081014502,All Population,3375,Nursery to 4th grade,"Census Tract 145.02, Guilford County, North Carolina",52,0.015407407407407408
37081014502,All Population,3375,Professional school degree,"Census Tract 145.02, Guilford County, North Carolina",0,0
37081014502,All Population,3375,"Some college, 1 or more years, no degree","Census Tract 145.02, Guilford County, North Carolina",519,0.1537777777777778
37081014502,All Population,3375,"Some college, less than 1 year","Census Tract 145.02, Guilford County, North Carolina",207,0.06133333333333333
37081014502,All Population,3375,Total Population,"Census Tract 145.02, Guilford County, North Carolina",3375,1
37081014503,All Population,2222,10th grade,"Census Tract 145.03, Guilford County, North Carolina",134,0.06030603060306031
37081014503,All Population,2222,11th grade,"Census Tract 145.03, Guilford County, North Carolina",198,0.0891089108910891
37081014503,All Population,2222,"12th grade, no diploma","Census Tract 145.03, Guilford County, North Carolina",67,0.030153015301530153
37081014503,All Population,2222,5th and 6th grade,"Census Tract 145.03, Guilford County, North Carolina",128,0.0576057605760576
37081014503,All Population,2222,7th and 8th grade,"Census Tract 145.03, Guilford County, North Carolina",106,0.04770477047704771
37081014503,All Population,2222,9th grade,"Census Tract 145.03, Guilford County, North Carolina",89,0.040054005400540056
37081014503,All Population,2222,Associate's degree,"Census Tract 145.03, Guilford County, North Carolina",169,0.07605760576057606
37081014503,All Population,2222,Bachelor's degree,"Census Tract 145.03, Guilford County, North Carolina",192,0.08640864086408641
37081014503,All Population,2222,Doctorate degree,"Census Tract 145.03, Guilford County, North Carolina",0,0
37081014503,All Population,2222,High school graduate (includes equivalency),"Census Tract 145.03, Guilford County, North Carolina",612,0.27542754275427545
37081014503,All Population,2222,Master's degree,"Census Tract 145.03, Guilford County, North Carolina",18,0.008100810081008101
37081014503,All Population,2222,No schooling completed,"Census Tract 145.03, Guilford County, North Carolina",102,0.04590459045904591
37081014503,All Population,2222,Nursery to 4th grade,"Census Tract 145.03, Guilford County, North Carolina",20,0.009000900090009001
37081014503,All Population,2222,Professional school degree,"Census Tract 145.03, Guilford County, North Carolina",0,0
37081014503,All Population,2222,"Some college, 1 or more years, no degree","Census Tract 145.03, Guilford County, North Carolina",311,0.13996399639963997
37081014503,All Population,2222,"Some college, less than 1 year","Census Tract 145.03, Guilford County, North Carolina",76,0.034203420342034205
37081014503,All Population,2222,Total Population,"Census Tract 145.03, Guilford County, North Carolina",2222,1
37081015100,All Population,2972,10th grade,"Census Tract 151, Guilford County, North Carolina",118,0.039703903095558546
37081015100,All Population,2972,11th grade,"Census Tract 151, Guilford County, North Carolina",29,0.009757738896366084
37081015100,All Population,2972,"12th grade, no diploma","Census Tract 151, Guilford County, North Carolina",21,0.0070659488559892325
37081015100,All Population,2972,5th and 6th grade,"Census Tract 151, Guilford County, North Carolina",27,0.00908479138627187
37081015100,All Population,2972,7th and 8th grade,"Census Tract 151, Guilford County, North Carolina",31,0.010430686406460296
37081015100,All Population,2972,9th grade,"Census Tract 151, Guilford County, North Carolina",106,0.03566621803499327
37081015100,All Population,2972,Associate's degree,"Census Tract 151, Guilford County, North Carolina",345,0.11608344549125169
37081015100,All Population,2972,Bachelor's degree,"Census Tract 151, Guilford County, North Carolina",516,0.17362045760430686
37081015100,All Population,2972,Doctorate degree,"Census Tract 151, Guilford County, North Carolina",42,0.014131897711978465
37081015100,All Population,2972,High school graduate (includes equivalency),"Census Tract 151, Guilford County, North Carolina",917,0.3085464333781965
37081015100,All Population,2972,Master's degree,"Census Tract 151, Guilford County, North Carolina",162,0.05450874831763122
37081015100,All Population,2972,No schooling completed,"Census Tract 151, Guilford County, North Carolina",10,0.0033647375504710633
37081015100,All Population,2972,Nursery to 4th grade,"Census Tract 151, Guilford County, North Carolina",50,0.016823687752355317
37081015100,All Population,2972,Professional school degree,"Census Tract 151, Guilford County, North Carolina",33,0.01110363391655451
37081015100,All Population,2972,"Some college, 1 or more years, no degree","Census Tract 151, Guilford County, North Carolina",392,0.13189771197846567
37081015100,All Population,2972,"Some college, less than 1 year","Census Tract 151, Guilford County, North Carolina",173,0.05820995962314939
37081015100,All Population,2972,Total Population,"Census Tract 151, Guilford County, North Carolina",2972,1
37081015200,All Population,6319,10th grade,"Census Tract 152, Guilford County, North Carolina",127,0.020098116790631428
37081015200,All Population,6319,11th grade,"Census Tract 152, Guilford County, North Carolina",99,0.0156670359234056
37081015200,All Population,6319,"12th grade, no diploma","Census Tract 152, Guilford County, North Carolina",81,0.012818483937331857
37081015200,All Population,6319,5th and 6th grade,"Census Tract 152, Guilford County, North Carolina",53,0.00838740307010603
37081015200,All Population,6319,7th and 8th grade,"Census Tract 152, Guilford County, North Carolina",13,0.0020572875454977053
37081015200,All Population,6319,9th grade,"Census Tract 152, Guilford County, North Carolina",52,0.008229150181990821
37081015200,All Population,6319,Associate's degree,"Census Tract 152, Guilford County, North Carolina",611,0.09669251463839215
37081015200,All Population,6319,Bachelor's degree,"Census Tract 152, Guilford County, North Carolina",1193,0.18879569552144326
37081015200,All Population,6319,Doctorate degree,"Census Tract 152, Guilford County, North Carolina",78,0.012343725272986232
37081015200,All Population,6319,High school graduate (includes equivalency),"Census Tract 152, Guilford County, North Carolina",1918,0.3035290394049691
37081015200,All Population,6319,Master's degree,"Census Tract 152, Guilford County, North Carolina",418,0.06614970723215699
37081015200,All Population,6319,No schooling completed,"Census Tract 152, Guilford County, North Carolina",27,0.004272827979110619
37081015200,All Population,6319,Nursery to 4th grade,"Census Tract 152, Guilford County, North Carolina",12,0.0018990346573824971
37081015200,All Population,6319,Professional school degree,"Census Tract 152, Guilford County, North Carolina",29,0.004589333755341035
37081015200,All Population,6319,"Some college, 1 or more years, no degree","Census Tract 152, Guilford County, North Carolina",1205,0.19069473017882577
37081015200,All Population,6319,"Some college, less than 1 year","Census Tract 152, Guilford County, North Carolina",403,0.06377591391042886
37081015200,All Population,6319,Total Population,"Census Tract 152, Guilford County, North Carolina",6319,1
37081015300,All Population,6358,10th grade,"Census Tract 153, Guilford County, North Carolina",102,0.016042780748663103
37081015300,All Population,6358,11th grade,"Census Tract 153, Guilford County, North Carolina",48,0.007549543881723813
37081015300,All Population,6358,"12th grade, no diploma","Census Tract 153, Guilford County, North Carolina",70,0.01100975149418056
37081015300,All Population,6358,5th and 6th grade,"Census Tract 153, Guilford County, North Carolina",11,0.0017301038062283738
37081015300,All Population,6358,7th and 8th grade,"Census Tract 153, Guilford County, North Carolina",20,0.0031456432840515887
37081015300,All Population,6358,9th grade,"Census Tract 153, Guilford County, North Carolina",58,0.009122365523749607
37081015300,All Population,6358,Associate's degree,"Census Tract 153, Guilford County, North Carolina",565,0.08886442277445737
37081015300,All Population,6358,Bachelor's degree,"Census Tract 153, Guilford County, North Carolina",1334,0.20981440704624096
37081015300,All Population,6358,Doctorate degree,"Census Tract 153, Guilford County, North Carolina",159,0.02500786410821013
37081015300,All Population,6358,High school graduate (includes equivalency),"Census Tract 153, Guilford County, North Carolina",1819,0.28609625668449196
37081015300,All Population,6358,Master's degree,"Census Tract 153, Guilford County, North Carolina",725,0.11402956904687009
37081015300,All Population,6358,No schooling completed,"Census Tract 153, Guilford County, North Carolina",17,0.00267379679144385
37081015300,All Population,6358,Nursery to 4th grade,"Census Tract 153, Guilford County, North Carolina",2,3.1456432840515884e-4
37081015300,All Population,6358,Professional school degree,"Census Tract 153, Guilford County, North Carolina",176,0.02768166089965398
37081015300,All Population,6358,"Some college, 1 or more years, no degree","Census Tract 153, Guilford County, North Carolina",862,0.13557722554262347
37081015300,All Population,6358,"Some college, less than 1 year","Census Tract 153, Guilford County, North Carolina",390,0.061340044039005975
37081015300,All Population,6358,Total Population,"Census Tract 153, Guilford County, North Carolina",6358,1
37081015401,All Population,4190,10th grade,"Census Tract 154.01, Guilford County, North Carolina",0,0
37081015401,All Population,4190,11th grade,"Census Tract 154.01, Guilford County, North Carolina",59,0.014081145584725537
37081015401,All Population,4190,"12th grade, no diploma","Census Tract 154.01, Guilford County, North Carolina",28,0.006682577565632458
37081015401,All Population,4190,5th and 6th grade,"Census Tract 154.01, Guilford County, North Carolina",55,0.013126491646778043
37081015401,All Population,4190,7th and 8th grade,"Census Tract 154.01, Guilford County, North Carolina",36,0.008591885441527447
37081015401,All Population,4190,9th grade,"Census Tract 154.01, Guilford County, North Carolina",191,0.04558472553699284
37081015401,All Population,4190,Associate's degree,"Census Tract 154.01, Guilford County, North Carolina",423,0.10095465393794749
37081015401,All Population,4190,Bachelor's degree,"Census Tract 154.01, Guilford County, North Carolina",864,0.2062052505966587
37081015401,All Population,4190,Doctorate degree,"Census Tract 154.01, Guilford County, North Carolina",0,0
37081015401,All Population,4190,High school graduate (includes equivalency),"Census Tract 154.01, Guilford County, North Carolina",981,0.2341288782816229
37081015401,All Population,4190,Master's degree,"Census Tract 154.01, Guilford County, North Carolina",376,0.08973747016706445
37081015401,All Population,4190,No schooling completed,"Census Tract 154.01, Guilford County, North Carolina",73,0.017422434367541765
37081015401,All Population,4190,Nursery to 4th grade,"Census Tract 154.01, Guilford County, North Carolina",0,0
37081015401,All Population,4190,Professional school degree,"Census Tract 154.01, Guilford County, North Carolina",32,0.0076372315035799524
37081015401,All Population,4190,"Some college, 1 or more years, no degree","Census Tract 154.01, Guilford County, North Carolina",756,0.18042959427207636
37081015401,All Population,4190,"Some college, less than 1 year","Census Tract 154.01, Guilford County, North Carolina",316,0.07541766109785203
37081015401,All Population,4190,Total Population,"Census Tract 154.01, Guilford County, North Carolina",4190,1
37081015402,All Population,5061,10th grade,"Census Tract 154.02, Guilford County, North Carolina",192,0.03793716656787196
37081015402,All Population,5061,11th grade,"Census Tract 154.02, Guilford County, North Carolina",158,0.031219126654811302
37081015402,All Population,5061,"12th grade, no diploma","Census Tract 154.02, Guilford County, North Carolina",47,0.009286702232760324
37081015402,All Population,5061,5th and 6th grade,"Census Tract 154.02, Guilford County, North Carolina",188,0.037146808931041296
37081015402,All Population,5061,7th and 8th grade,"Census Tract 154.02, Guilford County, North Carolina",128,0.02529144437858131
37081015402,All Population,5061,9th grade,"Census Tract 154.02, Guilford County, North Carolina",151,0.02983600079035764
37081015402,All Population,5061,Associate's degree,"Census Tract 154.02, Guilford County, North Carolina",449,0.08871764473424225
37081015402,All Population,5061,Bachelor's degree,"Census Tract 154.02, Guilford County, North Carolina",570,0.11262596324836989
37081015402,All Population,5061,Doctorate degree,"Census Tract 154.02, Guilford County, North Carolina",0,0
37081015402,All Population,5061,High school graduate (includes equivalency),"Census Tract 154.02, Guilford County, North Carolina",1876,0.3706777316735823
37081015402,All Population,5061,Master's degree,"Census Tract 154.02, Guilford County, North Carolina",198,0.03912270302311796
37081015402,All Population,5061,No schooling completed,"Census Tract 154.02, Guilford County, North Carolina",160,0.031614305473226634
37081015402,All Population,5061,Nursery to 4th grade,"Census Tract 154.02, Guilford County, North Carolina",64,0.012645722189290654
37081015402,All Population,5061,Professional school degree,"Census Tract 154.02, Guilford County, North Carolina",25,0.0049397352301916615
37081015402,All Population,5061,"Some college, 1 or more years, no degree","Census Tract 154.02, Guilford County, North Carolina",567,0.11203319502074689
37081015402,All Population,5061,"Some college, less than 1 year","Census Tract 154.02, Guilford County, North Carolina",288,0.05690574985180794
37081015402,All Population,5061,Total Population,"Census Tract 154.02, Guilford County, North Carolina",5061,1
37081015500,All Population,4521,10th grade,"Census Tract 155, Guilford County, North Carolina",160,0.035390400353904006
37081015500,All Population,4521,11th grade,"Census Tract 155, Guilford County, North Carolina",165,0.0364963503649635
37081015500,All Population,4521,"12th grade, no diploma","Census Tract 155, Guilford County, North Carolina",117,0.025879230258792303
37081015500,All Population,4521,5th and 6th grade,"Census Tract 155, Guilford County, North Carolina",87,0.019243530192435302
37081015500,All Population,4521,7th and 8th grade,"Census Tract 155, Guilford County, North Carolina",4,8.847600088476001e-4
37081015500,All Population,4521,9th grade,"Census Tract 155, Guilford County, North Carolina",44,0.009732360097323601
37081015500,All Population,4521,Associate's degree,"Census Tract 155, Guilford County, North Carolina",367,0.08117673081176731
37081015500,All Population,4521,Bachelor's degree,"Census Tract 155, Guilford County, North Carolina",739,0.16345941163459413
37081015500,All Population,4521,Doctorate degree,"Census Tract 155, Guilford County, North Carolina",142,0.031408980314089806
37081015500,All Population,4521,High school graduate (includes equivalency),"Census Tract 155, Guilford County, North Carolina",1112,0.24596328245963284
37081015500,All Population,4521,Master's degree,"Census Tract 155, Guilford County, North Carolina",302,0.0667993806679938
37081015500,All Population,4521,No schooling completed,"Census Tract 155, Guilford County, North Carolina",1,2.2119000221190003e-4
37081015500,All Population,4521,Nursery to 4th grade,"Census Tract 155, Guilford County, North Carolina",23,0.0050873700508737
37081015500,All Population,4521,Professional school degree,"Census Tract 155, Guilford County, North Carolina",0,0
37081015500,All Population,4521,"Some college, 1 or more years, no degree","Census Tract 155, Guilford County, North Carolina",872,0.19287768192877683
37081015500,All Population,4521,"Some college, less than 1 year","Census Tract 155, Guilford County, North Carolina",386,0.08537934085379341
37081015500,All Population,4521,Total Population,"Census Tract 155, Guilford County, North Carolina",4521,1
37081015600,All Population,6762,10th grade,"Census Tract 156, Guilford County, North Carolina",112,0.016563146997929608
37081015600,All Population,6762,11th grade,"Census Tract 156, Guilford County, North Carolina",48,0.00709849157054126
37081015600,All Population,6762,"12th grade, no diploma","Census Tract 156, Guilford County, North Carolina",183,0.027062999112688554
37081015600,All Population,6762,5th and 6th grade,"Census Tract 156, Guilford County, North Carolina",5,7.394262052647146e-4
37081015600,All Population,6762,7th and 8th grade,"Census Tract 156, Guilford County, North Carolina",55,0.00813368825791186
37081015600,All Population,6762,9th grade,"Census Tract 156, Guilford County, North Carolina",58,0.00857734398107069
37081015600,All Population,6762,Associate's degree,"Census Tract 156, Guilford County, North Carolina",594,0.0878438331854481
37081015600,All Population,6762,Bachelor's degree,"Census Tract 156, Guilford County, North Carolina",1881,0.27817213842058564
37081015600,All Population,6762,Doctorate degree,"Census Tract 156, Guilford County, North Carolina",129,0.019077196095829637
37081015600,All Population,6762,High school graduate (includes equivalency),"Census Tract 156, Guilford County, North Carolina",1337,0.19772256728778467
37081015600,All Population,6762,Master's degree,"Census Tract 156, Guilford County, North Carolina",827,0.12230109435078379
37081015600,All Population,6762,No schooling completed,"Census Tract 156, Guilford County, North Carolina",47,0.006950606329488317
37081015600,All Population,6762,Nursery to 4th grade,"Census Tract 156, Guilford County, North Carolina",0,0
37081015600,All Population,6762,Professional school degree,"Census Tract 156, Guilford County, North Carolina",155,0.022922212363206153
37081015600,All Population,6762,"Some college, 1 or more years, no degree","Census Tract 156, Guilford County, North Carolina",975,0.14418811002661935
37081015600,All Population,6762,"Some college, less than 1 year","Census Tract 156, Guilford County, North Carolina",356,0.052647145814847675
37081015600,All Population,6762,Total Population,"Census Tract 156, Guilford County, North Carolina",6762,1
37081015703,All Population,4437,10th grade,"Census Tract 157.03, Guilford County, North Carolina",6,0.001352265043948614
37081015703,All Population,4437,11th grade,"Census Tract 157.03, Guilford County, North Carolina",21,0.004732927653820149
37081015703,All Population,4437,"12th grade, no diploma","Census Tract 157.03, Guilford County, North Carolina",58,0.013071895424836602
37081015703,All Population,4437,5th and 6th grade,"Census Tract 157.03, Guilford County, North Carolina",0,0
37081015703,All Population,4437,7th and 8th grade,"Census Tract 157.03, Guilford County, North Carolina",45,0.010141987829614604
37081015703,All Population,4437,9th grade,"Census Tract 157.03, Guilford County, North Carolina",12,0.002704530087897228
37081015703,All Population,4437,Associate's degree,"Census Tract 157.03, Guilford County, North Carolina",280,0.06310570205093531
37081015703,All Population,4437,Bachelor's degree,"Census Tract 157.03, Guilford County, North Carolina",1766,0.398016677935542
37081015703,All Population,4437,Doctorate degree,"Census Tract 157.03, Guilford County, North Carolina",115,0.025918413342348432
37081015703,All Population,4437,High school graduate (includes equivalency),"Census Tract 157.03, Guilford County, North Carolina",769,0.17331530313274734
37081015703,All Population,4437,Master's degree,"Census Tract 157.03, Guilford County, North Carolina",424,0.09556006310570204
37081015703,All Population,4437,No schooling completed,"Census Tract 157.03, Guilford County, North Carolina",11,0.0024791525805724587
37081015703,All Population,4437,Nursery to 4th grade,"Census Tract 157.03, Guilford County, North Carolina",32,0.007212080234392608
37081015703,All Population,4437,Professional school degree,"Census Tract 157.03, Guilford County, North Carolina",91,0.020509353166553976
37081015703,All Population,4437,"Some college, 1 or more years, no degree","Census Tract 157.03, Guilford County, North Carolina",598,0.13477574938021186
37081015703,All Population,4437,"Some college, less than 1 year","Census Tract 157.03, Guilford County, North Carolina",209,0.047103899030876716
37081015703,All Population,4437,Total Population,"Census Tract 157.03, Guilford County, North Carolina",4437,1
37081015704,All Population,4378,10th grade,"Census Tract 157.04, Guilford County, North Carolina",13,0.0029693924166285975
37081015704,All Population,4378,11th grade,"Census Tract 157.04, Guilford County, North Carolina",18,0.004111466423024212
37081015704,All Population,4378,"12th grade, no diploma","Census Tract 157.04, Guilford County, North Carolina",38,0.00867976244860667
37081015704,All Population,4378,5th and 6th grade,"Census Tract 157.04, Guilford County, North Carolina",32,0.007309273640931932
37081015704,All Population,4378,7th and 8th grade,"Census Tract 157.04, Guilford County, North Carolina",22,0.005025125628140704
37081015704,All Population,4378,9th grade,"Census Tract 157.04, Guilford County, North Carolina",37,0.008451347647327547
37081015704,All Population,4378,Associate's degree,"Census Tract 157.04, Guilford County, North Carolina",317,0.07240749200548195
37081015704,All Population,4378,Bachelor's degree,"Census Tract 157.04, Guilford County, North Carolina",1496,0.3417085427135678
37081015704,All Population,4378,Doctorate degree,"Census Tract 157.04, Guilford County, North Carolina",145,0.03312014618547282
37081015704,All Population,4378,High school graduate (includes equivalency),"Census Tract 157.04, Guilford County, North Carolina",508,0.11603471904979443
37081015704,All Population,4378,Master's degree,"Census Tract 157.04, Guilford County, North Carolina",455,0.10392873458200091
37081015704,All Population,4378,No schooling completed,"Census Tract 157.04, Guilford County, North Carolina",28,0.006395614435815441
37081015704,All Population,4378,Nursery to 4th grade,"Census Tract 157.04, Guilford County, North Carolina",0,0
37081015704,All Population,4378,Professional school degree,"Census Tract 157.04, Guilford County, North Carolina",172,0.03928734582000914
37081015704,All Population,4378,"Some college, 1 or more years, no degree","Census Tract 157.04, Guilford County, North Carolina",828,0.18912745545911375
37081015704,All Population,4378,"Some college, less than 1 year","Census Tract 157.04, Guilford County, North Carolina",269,0.06144358154408406
37081015704,All Population,4378,Total Population,"Census Tract 157.04, Guilford County, North Carolina",4378,1
37081015705,All Population,2317,10th grade,"Census Tract 157.05, Guilford County, North Carolina",0,0
37081015705,All Population,2317,11th grade,"Census Tract 157.05, Guilford County, North Carolina",9,0.003884333189469141
37081015705,All Population,2317,"12th grade, no diploma","Census Tract 157.05, Guilford County, North Carolina",28,0.012084592145015106
37081015705,All Population,2317,5th and 6th grade,"Census Tract 157.05, Guilford County, North Carolina",3,0.001294777729823047
37081015705,All Population,2317,7th and 8th grade,"Census Tract 157.05, Guilford County, North Carolina",5,0.0021579628830384117
37081015705,All Population,2317,9th grade,"Census Tract 157.05, Guilford County, North Carolina",18,0.007768666378938282
37081015705,All Population,2317,Associate's degree,"Census Tract 157.05, Guilford County, North Carolina",247,0.10660336642209754
37081015705,All Population,2317,Bachelor's degree,"Census Tract 157.05, Guilford County, North Carolina",617,0.26629261976694
37081015705,All Population,2317,Doctorate degree,"Census Tract 157.05, Guilford County, North Carolina",37,0.015968925334484248
37081015705,All Population,2317,High school graduate (includes equivalency),"Census Tract 157.05, Guilford County, North Carolina",561,0.2421234354769098
37081015705,All Population,2317,Master's degree,"Census Tract 157.05, Guilford County, North Carolina",350,0.1510574018126888
37081015705,All Population,2317,No schooling completed,"Census Tract 157.05, Guilford County, North Carolina",1,4.3159257660768235e-4
37081015705,All Population,2317,Nursery to 4th grade,"Census Tract 157.05, Guilford County, North Carolina",13,0.0056107034958998705
37081015705,All Population,2317,Professional school degree,"Census Tract 157.05, Guilford County, North Carolina",23,0.009926629261976695
37081015705,All Population,2317,"Some college, 1 or more years, no degree","Census Tract 157.05, Guilford County, North Carolina",257,0.11091929218817437
37081015705,All Population,2317,"Some college, less than 1 year","Census Tract 157.05, Guilford County, North Carolina",148,0.06387570133793699
37081015705,All Population,2317,Total Population,"Census Tract 157.05, Guilford County, North Carolina",2317,1
37081015706,All Population,4181,10th grade,"Census Tract 157.06, Guilford County, North Carolina",18,0.004305190145898111
37081015706,All Population,4181,11th grade,"Census Tract 157.06, Guilford County, North Carolina",13,0.0031093039942597465
37081015706,All Population,4181,"12th grade, no diploma","Census Tract 157.06, Guilford County, North Carolina",58,0.013872279359005023
37081015706,All Population,4181,5th and 6th grade,"Census Tract 157.06, Guilford County, North Carolina",0,0
37081015706,All Population,4181,7th and 8th grade,"Census Tract 157.06, Guilford County, North Carolina",36,0.008610380291796222
37081015706,All Population,4181,9th grade,"Census Tract 157.06, Guilford County, North Carolina",1,2.3917723032767282e-4
37081015706,All Population,4181,Associate's degree,"Census Tract 157.06, Guilford County, North Carolina",375,0.0896914613728773
37081015706,All Population,4181,Bachelor's degree,"Census Tract 157.06, Guilford County, North Carolina",1277,0.3054293231284382
37081015706,All Population,4181,Doctorate degree,"Census Tract 157.06, Guilford County, North Carolina",131,0.031332217172925135
37081015706,All Population,4181,High school graduate (includes equivalency),"Census Tract 157.06, Guilford County, North Carolina",617,0.14757235111217412
37081015706,All Population,4181,Master's degree,"Census Tract 157.06, Guilford County, North Carolina",732,0.17507773259985648
37081015706,All Population,4181,No schooling completed,"Census Tract 157.06, Guilford County, North Carolina",0,0
37081015706,All Population,4181,Nursery to 4th grade,"Census Tract 157.06, Guilford County, North Carolina",0,0
37081015706,All Population,4181,Professional school degree,"Census Tract 157.06, Guilford County, North Carolina",409,0.09782348720401818
37081015706,All Population,4181,"Some college, 1 or more years, no degree","Census Tract 157.06, Guilford County, North Carolina",345,0.08251614446304711
37081015706,All Population,4181,"Some college, less than 1 year","Census Tract 157.06, Guilford County, North Carolina",169,0.0404209519253767
37081015706,All Population,4181,Total Population,"Census Tract 157.06, Guilford County, North Carolina",4181,1
37081015707,All Population,4710,10th grade,"Census Tract 157.07, Guilford County, North Carolina",125,0.02653927813163482
37081015707,All Population,4710,11th grade,"Census Tract 157.07, Guilford County, North Carolina",19,0.0040339702760084925
37081015707,All Population,4710,"12th grade, no diploma","Census Tract 157.07, Guilford County, North Carolina",54,0.011464968152866241
37081015707,All Population,4710,5th and 6th grade,"Census Tract 157.07, Guilford County, North Carolina",122,0.025902335456475585
37081015707,All Population,4710,7th and 8th grade,"Census Tract 157.07, Guilford County, North Carolina",1,2.1231422505307856e-4
37081015707,All Population,4710,9th grade,"Census Tract 157.07, Guilford County, North Carolina",1,2.1231422505307856e-4
37081015707,All Population,4710,Associate's degree,"Census Tract 157.07, Guilford County, North Carolina",291,0.06178343949044586
37081015707,All Population,4710,Bachelor's degree,"Census Tract 157.07, Guilford County, North Carolina",1323,0.2808917197452229
37081015707,All Population,4710,Doctorate degree,"Census Tract 157.07, Guilford County, North Carolina",114,0.024203821656050957
37081015707,All Population,4710,High school graduate (includes equivalency),"Census Tract 157.07, Guilford County, North Carolina",747,0.15859872611464967
37081015707,All Population,4710,Master's degree,"Census Tract 157.07, Guilford County, North Carolina",746,0.1583864118895966
37081015707,All Population,4710,No schooling completed,"Census Tract 157.07, Guilford County, North Carolina",0,0
37081015707,All Population,4710,Nursery to 4th grade,"Census Tract 157.07, Guilford County, North Carolina",0,0
37081015707,All Population,4710,Professional school degree,"Census Tract 157.07, Guilford County, North Carolina",231,0.04904458598726115
37081015707,All Population,4710,"Some college, 1 or more years, no degree","Census Tract 157.07, Guilford County, North Carolina",791,0.16794055201698513
37081015707,All Population,4710,"Some college, less than 1 year","Census Tract 157.07, Guilford County, North Carolina",145,0.03078556263269639
37081015707,All Population,4710,Total Population,"Census Tract 157.07, Guilford County, North Carolina",4710,1
37081015800,All Population,5538,10th grade,"Census Tract 158, Guilford County, North Carolina",24,0.004333694474539545
37081015800,All Population,5538,11th grade,"Census Tract 158, Guilford County, North Carolina",48,0.00866738894907909
37081015800,All Population,5538,"12th grade, no diploma","Census Tract 158, Guilford County, North Carolina",14,0.002527988443481401
37081015800,All Population,5538,5th and 6th grade,"Census Tract 158, Guilford County, North Carolina",0,0
37081015800,All Population,5538,7th and 8th grade,"Census Tract 158, Guilford County, North Carolina",0,0
37081015800,All Population,5538,9th grade,"Census Tract 158, Guilford County, North Carolina",53,0.009570241964608163
37081015800,All Population,5538,Associate's degree,"Census Tract 158, Guilford County, North Carolina",692,0.12495485734922354
37081015800,All Population,5538,Bachelor's degree,"Census Tract 158, Guilford County, North Carolina",1968,0.3553629469122427
37081015800,All Population,5538,Doctorate degree,"Census Tract 158, Guilford County, North Carolina",65,0.011737089201877934
37081015800,All Population,5538,High school graduate (includes equivalency),"Census Tract 158, Guilford County, North Carolina",1101,0.19880823401950162
37081015800,All Population,5538,Master's degree,"Census Tract 158, Guilford County, North Carolina",596,0.10762007945106537
37081015800,All Population,5538,No schooling completed,"Census Tract 158, Guilford County, North Carolina",88,0.015890213073311666
37081015800,All Population,5538,Nursery to 4th grade,"Census Tract 158, Guilford County, North Carolina",17,0.0030697002527988442
37081015800,All Population,5538,Professional school degree,"Census Tract 158, Guilford County, North Carolina",243,0.043878656554712896
37081015800,All Population,5538,"Some college, 1 or more years, no degree","Census Tract 158, Guilford County, North Carolina",433,0.07818707114481763
37081015800,All Population,5538,"Some college, less than 1 year","Census Tract 158, Guilford County, North Carolina",196,0.03539183820873962
37081015800,All Population,5538,Total Population,"Census Tract 158, Guilford County, North Carolina",5538,1
37081015901,All Population,3739,10th grade,"Census Tract 159.01, Guilford County, North Carolina",92,0.02460550949451725
37081015901,All Population,3739,11th grade,"Census Tract 159.01, Guilford County, North Carolina",57,0.015244717838994384
37081015901,All Population,3739,"12th grade, no diploma","Census Tract 159.01, Guilford County, North Carolina",48,0.012837657127574217
37081015901,All Population,3739,5th and 6th grade,"Census Tract 159.01, Guilford County, North Carolina",1,2.674511901577962e-4
37081015901,All Population,3739,7th and 8th grade,"Census Tract 159.01, Guilford County, North Carolina",15,0.004011767852366943
37081015901,All Population,3739,9th grade,"Census Tract 159.01, Guilford County, North Carolina",56,0.014977266648836588
37081015901,All Population,3739,Associate's degree,"Census Tract 159.01, Guilford County, North Carolina",397,0.10617812249264509
37081015901,All Population,3739,Bachelor's degree,"Census Tract 159.01, Guilford County, North Carolina",719,0.19229740572345547
37081015901,All Population,3739,Doctorate degree,"Census Tract 159.01, Guilford County, North Carolina",23,0.006151377373629313
37081015901,All Population,3739,High school graduate (includes equivalency),"Census Tract 159.01, Guilford County, North Carolina",1107,0.2960684675046804
37081015901,All Population,3739,Master's degree,"Census Tract 159.01, Guilford County, North Carolina",367,0.09815458678791121
37081015901,All Population,3739,No schooling completed,"Census Tract 159.01, Guilford County, North Carolina",17,0.004546670232682536
37081015901,All Population,3739,Nursery to 4th grade,"Census Tract 159.01, Guilford County, North Carolina",0,0
37081015901,All Population,3739,Professional school degree,"Census Tract 159.01, Guilford County, North Carolina",53,0.014174913078363199
37081015901,All Population,3739,"Some college, 1 or more years, no degree","Census Tract 159.01, Guilford County, North Carolina",571,0.15271462958010162
37081015901,All Population,3739,"Some college, less than 1 year","Census Tract 159.01, Guilford County, North Carolina",216,0.05776945707408398
37081015901,All Population,3739,Total Population,"Census Tract 159.01, Guilford County, North Carolina",3739,1
37081015902,All Population,2800,10th grade,"Census Tract 159.02, Guilford County, North Carolina",18,0.0064285714285714285
37081015902,All Population,2800,11th grade,"Census Tract 159.02, Guilford County, North Carolina",24,0.008571428571428572
37081015902,All Population,2800,"12th grade, no diploma","Census Tract 159.02, Guilford County, North Carolina",0,0
37081015902,All Population,2800,5th and 6th grade,"Census Tract 159.02, Guilford County, North Carolina",0,0
37081015902,All Population,2800,7th and 8th grade,"Census Tract 159.02, Guilford County, North Carolina",10,0.0035714285714285713
37081015902,All Population,2800,9th grade,"Census Tract 159.02, Guilford County, North Carolina",0,0
37081015902,All Population,2800,Associate's degree,"Census Tract 159.02, Guilford County, North Carolina",269,0.09607142857142857
37081015902,All Population,2800,Bachelor's degree,"Census Tract 159.02, Guilford County, North Carolina",871,0.31107142857142855
37081015902,All Population,2800,Doctorate degree,"Census Tract 159.02, Guilford County, North Carolina",79,0.028214285714285713
37081015902,All Population,2800,High school graduate (includes equivalency),"Census Tract 159.02, Guilford County, North Carolina",465,0.16607142857142856
37081015902,All Population,2800,Master's degree,"Census Tract 159.02, Guilford County, North Carolina",318,0.11357142857142857
37081015902,All Population,2800,No schooling completed,"Census Tract 159.02, Guilford County, North Carolina",62,0.02214285714285714
37081015902,All Population,2800,Nursery to 4th grade,"Census Tract 159.02, Guilford County, North Carolina",0,0
37081015902,All Population,2800,Professional school degree,"Census Tract 159.02, Guilford County, North Carolina",70,0.025
37081015902,All Population,2800,"Some college, 1 or more years, no degree","Census Tract 159.02, Guilford County, North Carolina",455,0.1625
37081015902,All Population,2800,"Some college, less than 1 year","Census Tract 159.02, Guilford County, North Carolina",159,0.05678571428571429
37081015902,All Population,2800,Total Population,"Census Tract 159.02, Guilford County, North Carolina",2800,1
37081016003,All Population,3085,10th grade,"Census Tract 160.03, Guilford County, North Carolina",50,0.01620745542949757
37081016003,All Population,3085,11th grade,"Census Tract 160.03, Guilford County, North Carolina",8,0.002593192868719611
37081016003,All Population,3085,"12th grade, no diploma","Census Tract 160.03, Guilford County, North Carolina",0,0
37081016003,All Population,3085,5th and 6th grade,"Census Tract 160.03, Guilford County, North Carolina",63,0.020421393841166938
37081016003,All Population,3085,7th and 8th grade,"Census Tract 160.03, Guilford County, North Carolina",0,0
37081016003,All Population,3085,9th grade,"Census Tract 160.03, Guilford County, North Carolina",8,0.002593192868719611
37081016003,All Population,3085,Associate's degree,"Census Tract 160.03, Guilford County, North Carolina",232,0.07520259319286872
37081016003,All Population,3085,Bachelor's degree,"Census Tract 160.03, Guilford County, North Carolina",1107,0.35883306320907615
37081016003,All Population,3085,Doctorate degree,"Census Tract 160.03, Guilford County, North Carolina",44,0.01426256077795786
37081016003,All Population,3085,High school graduate (includes equivalency),"Census Tract 160.03, Guilford County, North Carolina",310,0.10048622366288493
37081016003,All Population,3085,Master's degree,"Census Tract 160.03, Guilford County, North Carolina",368,0.1192868719611021
37081016003,All Population,3085,No schooling completed,"Census Tract 160.03, Guilford County, North Carolina",23,0.0074554294975688815
37081016003,All Population,3085,Nursery to 4th grade,"Census Tract 160.03, Guilford County, North Carolina",0,0
37081016003,All Population,3085,Professional school degree,"Census Tract 160.03, Guilford County, North Carolina",205,0.06645056726094004
37081016003,All Population,3085,"Some college, 1 or more years, no degree","Census Tract 160.03, Guilford County, North Carolina",472,0.15299837925445706
37081016003,All Population,3085,"Some college, less than 1 year","Census Tract 160.03, Guilford County, North Carolina",195,0.06320907617504051
37081016003,All Population,3085,Total Population,"Census Tract 160.03, Guilford County, North Carolina",3085,1
37081016005,All Population,1294,10th grade,"Census Tract 160.05, Guilford County, North Carolina",0,0
37081016005,All Population,1294,11th grade,"Census Tract 160.05, Guilford County, North Carolina",4,0.0030911901081916537
37081016005,All Population,1294,"12th grade, no diploma","Census Tract 160.05, Guilford County, North Carolina",9,0.006955177743431221
37081016005,All Population,1294,5th and 6th grade,"Census Tract 160.05, Guilford County, North Carolina",0,0
37081016005,All Population,1294,7th and 8th grade,"Census Tract 160.05, Guilford County, North Carolina",0,0
37081016005,All Population,1294,9th grade,"Census Tract 160.05, Guilford County, North Carolina",3,0.00231839258114374
37081016005,All Population,1294,Associate's degree,"Census Tract 160.05, Guilford County, North Carolina",94,0.07264296754250386
37081016005,All Population,1294,Bachelor's degree,"Census Tract 160.05, Guilford County, North Carolina",464,0.35857805255023184
37081016005,All Population,1294,Doctorate degree,"Census Tract 160.05, Guilford County, North Carolina",87,0.06723338485316847
37081016005,All Population,1294,High school graduate (includes equivalency),"Census Tract 160.05, Guilford County, North Carolina",244,0.18856259659969088
37081016005,All Population,1294,Master's degree,"Census Tract 160.05, Guilford County, North Carolina",141,0.10896445131375579
37081016005,All Population,1294,No schooling completed,"Census Tract 160.05, Guilford County, North Carolina",0,0
37081016005,All Population,1294,Nursery to 4th grade,"Census Tract 160.05, Guilford County, North Carolina",14,0.010819165378670788
37081016005,All Population,1294,Professional school degree,"Census Tract 160.05, Guilford County, North Carolina",22,0.017001545595054096
37081016005,All Population,1294,"Some college, 1 or more years, no degree","Census Tract 160.05, Guilford County, North Carolina",187,0.1445131375579598
37081016005,All Population,1294,"Some college, less than 1 year","Census Tract 160.05, Guilford County, North Carolina",25,0.019319938176197836
37081016005,All Population,1294,Total Population,"Census Tract 160.05, Guilford County, North Carolina",1294,1
37081016006,All Population,3197,10th grade,"Census Tract 160.06, Guilford County, North Carolina",1,3.1279324366593683e-4
37081016006,All Population,3197,11th grade,"Census Tract 160.06, Guilford County, North Carolina",4,0.0012511729746637473
37081016006,All Population,3197,"12th grade, no diploma","Census Tract 160.06, Guilford County, North Carolina",8,0.0025023459493274947
37081016006,All Population,3197,5th and 6th grade,"Census Tract 160.06, Guilford County, North Carolina",22,0.00688145136065061
37081016006,All Population,3197,7th and 8th grade,"Census Tract 160.06, Guilford County, North Carolina",47,0.014701282452299031
37081016006,All Population,3197,9th grade,"Census Tract 160.06, Guilford County, North Carolina",45,0.014075695964967157
37081016006,All Population,3197,Associate's degree,"Census Tract 160.06, Guilford County, North Carolina",176,0.05505161088520488
37081016006,All Population,3197,Bachelor's degree,"Census Tract 160.06, Guilford County, North Carolina",1220,0.3816077572724429
37081016006,All Population,3197,Doctorate degree,"Census Tract 160.06, Guilford County, North Carolina",14,0.004379105411323116
37081016006,All Population,3197,High school graduate (includes equivalency),"Census Tract 160.06, Guilford County, North Carolina",480,0.15014075695964968
37081016006,All Population,3197,Master's degree,"Census Tract 160.06, Guilford County, North Carolina",508,0.1588989677822959
37081016006,All Population,3197,No schooling completed,"Census Tract 160.06, Guilford County, North Carolina",10,0.0031279324366593683
37081016006,All Population,3197,Nursery to 4th grade,"Census Tract 160.06, Guilford County, North Carolina",0,0
37081016006,All Population,3197,Professional school degree,"Census Tract 160.06, Guilford County, North Carolina",73,0.02283390678761339
37081016006,All Population,3197,"Some college, 1 or more years, no degree","Census Tract 160.06, Guilford County, North Carolina",493,0.15420706912730686
37081016006,All Population,3197,"Some college, less than 1 year","Census Tract 160.06, Guilford County, North Carolina",96,0.030028151391929936
37081016006,All Population,3197,Total Population,"Census Tract 160.06, Guilford County, North Carolina",3197,1
37081016007,All Population,3618,10th grade,"Census Tract 160.07, Guilford County, North Carolina",36,0.009950248756218905
37081016007,All Population,3618,11th grade,"Census Tract 160.07, Guilford County, North Carolina",2,5.52791597567717e-4
37081016007,All Population,3618,"12th grade, no diploma","Census Tract 160.07, Guilford County, North Carolina",79,0.02183526810392482
37081016007,All Population,3618,5th and 6th grade,"Census Tract 160.07, Guilford County, North Carolina",0,0
37081016007,All Population,3618,7th and 8th grade,"Census Tract 160.07, Guilford County, North Carolina",0,0
37081016007,All Population,3618,9th grade,"Census Tract 160.07, Guilford County, North Carolina",22,0.006080707573244887
37081016007,All Population,3618,Associate's degree,"Census Tract 160.07, Guilford County, North Carolina",395,0.1091763405196241
37081016007,All Population,3618,Bachelor's degree,"Census Tract 160.07, Guilford County, North Carolina",1122,0.3101160862354892
37081016007,All Population,3618,Doctorate degree,"Census Tract 160.07, Guilford County, North Carolina",154,0.04256495301271421
37081016007,All Population,3618,High school graduate (includes equivalency),"Census Tract 160.07, Guilford County, North Carolina",629,0.173852957435047
37081016007,All Population,3618,Master's degree,"Census Tract 160.07, Guilford County, North Carolina",389,0.10751796572692095
37081016007,All Population,3618,No schooling completed,"Census Tract 160.07, Guilford County, North Carolina",2,5.52791597567717e-4
37081016007,All Population,3618,Nursery to 4th grade,"Census Tract 160.07, Guilford County, North Carolina",0,0
37081016007,All Population,3618,Professional school degree,"Census Tract 160.07, Guilford County, North Carolina",21,0.005804311774461028
37081016007,All Population,3618,"Some college, 1 or more years, no degree","Census Tract 160.07, Guilford County, North Carolina",589,0.16279712548369266
37081016007,All Population,3618,"Some college, less than 1 year","Census Tract 160.07, Guilford County, North Carolina",178,0.04919845218352681
37081016007,All Population,3618,Total Population,"Census Tract 160.07, Guilford County, North Carolina",3618,1
37081016008,All Population,4974,10th grade,"Census Tract 160.08, Guilford County, North Carolina",0,0
37081016008,All Population,4974,11th grade,"Census Tract 160.08, Guilford County, North Carolina",0,0
37081016008,All Population,4974,"12th grade, no diploma","Census Tract 160.08, Guilford County, North Carolina",14,0.0028146361077603537
37081016008,All Population,4974,5th and 6th grade,"Census Tract 160.08, Guilford County, North Carolina",0,0
37081016008,All Population,4974,7th and 8th grade,"Census Tract 160.08, Guilford County, North Carolina",16,0.003216726980297547
37081016008,All Population,4974,9th grade,"Census Tract 160.08, Guilford County, North Carolina",16,0.003216726980297547
37081016008,All Population,4974,Associate's degree,"Census Tract 160.08, Guilford County, North Carolina",471,0.09469240048250904
37081016008,All Population,4974,Bachelor's degree,"Census Tract 160.08, Guilford County, North Carolina",1897,0.3813831926015279
37081016008,All Population,4974,Doctorate degree,"Census Tract 160.08, Guilford County, North Carolina",184,0.036992360273421794
37081016008,All Population,4974,High school graduate (includes equivalency),"Census Tract 160.08, Guilford County, North Carolina",737,0.14817048652995576
37081016008,All Population,4974,Master's degree,"Census Tract 160.08, Guilford County, North Carolina",651,0.13088057901085645
37081016008,All Population,4974,No schooling completed,"Census Tract 160.08, Guilford County, North Carolina",118,0.02372336147969441
37081016008,All Population,4974,Nursery to 4th grade,"Census Tract 160.08, Guilford County, North Carolina",0,0
37081016008,All Population,4974,Professional school degree,"Census Tract 160.08, Guilford County, North Carolina",98,0.019702452754322478
37081016008,All Population,4974,"Some college, 1 or more years, no degree","Census Tract 160.08, Guilford County, North Carolina",537,0.10796139927623644
37081016008,All Population,4974,"Some college, less than 1 year","Census Tract 160.08, Guilford County, North Carolina",235,0.04724567752312023
37081016008,All Population,4974,Total Population,"Census Tract 160.08, Guilford County, North Carolina",4974,1
37081016009,All Population,2747,10th grade,"Census Tract 160.09, Guilford County, North Carolina",8,0.0029122679286494356
37081016009,All Population,2747,11th grade,"Census Tract 160.09, Guilford County, North Carolina",22,0.008008736803785948
37081016009,All Population,2747,"12th grade, no diploma","Census Tract 160.09, Guilford County, North Carolina",0,0
37081016009,All Population,2747,5th and 6th grade,"Census Tract 160.09, Guilford County, North Carolina",0,0
37081016009,All Population,2747,7th and 8th grade,"Census Tract 160.09, Guilford County, North Carolina",8,0.0029122679286494356
37081016009,All Population,2747,9th grade,"Census Tract 160.09, Guilford County, North Carolina",0,0
37081016009,All Population,2747,Associate's degree,"Census Tract 160.09, Guilford County, North Carolina",322,0.11721878412813978
37081016009,All Population,2747,Bachelor's degree,"Census Tract 160.09, Guilford County, North Carolina",958,0.34874408445576993
37081016009,All Population,2747,Doctorate degree,"Census Tract 160.09, Guilford County, North Carolina",21,0.007644703312704768
37081016009,All Population,2747,High school graduate (includes equivalency),"Census Tract 160.09, Guilford County, North Carolina",461,0.16781943938842372
37081016009,All Population,2747,Master's degree,"Census Tract 160.09, Guilford County, North Carolina",296,0.10775391336002912
37081016009,All Population,2747,No schooling completed,"Census Tract 160.09, Guilford County, North Carolina",0,0
37081016009,All Population,2747,Nursery to 4th grade,"Census Tract 160.09, Guilford County, North Carolina",0,0
37081016009,All Population,2747,Professional school degree,"Census Tract 160.09, Guilford County, North Carolina",60,0.02184200946487077
37081016009,All Population,2747,"Some college, 1 or more years, no degree","Census Tract 160.09, Guilford County, North Carolina",393,0.14306516199490354
37081016009,All Population,2747,"Some college, less than 1 year","Census Tract 160.09, Guilford County, North Carolina",198,0.07207863123407353
37081016009,All Population,2747,Total Population,"Census Tract 160.09, Guilford County, North Carolina",2747,1
37081016010,All Population,2002,10th grade,"Census Tract 160.10, Guilford County, North Carolina",21,0.01048951048951049
37081016010,All Population,2002,11th grade,"Census Tract 160.10, Guilford County, North Carolina",0,0
37081016010,All Population,2002,"12th grade, no diploma","Census Tract 160.10, Guilford County, North Carolina",7,0.0034965034965034965
37081016010,All Population,2002,5th and 6th grade,"Census Tract 160.10, Guilford County, North Carolina",22,0.01098901098901099
37081016010,All Population,2002,7th and 8th grade,"Census Tract 160.10, Guilford County, North Carolina",0,0
37081016010,All Population,2002,9th grade,"Census Tract 160.10, Guilford County, North Carolina",22,0.01098901098901099
37081016010,All Population,2002,Associate's degree,"Census Tract 160.10, Guilford County, North Carolina",160,0.07992007992007992
37081016010,All Population,2002,Bachelor's degree,"Census Tract 160.10, Guilford County, North Carolina",597,0.2982017982017982
37081016010,All Population,2002,Doctorate degree,"Census Tract 160.10, Guilford County, North Carolina",46,0.022977022977022976
37081016010,All Population,2002,High school graduate (includes equivalency),"Census Tract 160.10, Guilford County, North Carolina",449,0.2242757242757243
37081016010,All Population,2002,Master's degree,"Census Tract 160.10, Guilford County, North Carolina",173,0.08641358641358642
37081016010,All Population,2002,No schooling completed,"Census Tract 160.10, Guilford County, North Carolina",0,0
37081016010,All Population,2002,Nursery to 4th grade,"Census Tract 160.10, Guilford County, North Carolina",0,0
37081016010,All Population,2002,Professional school degree,"Census Tract 160.10, Guilford County, North Carolina",78,0.03896103896103896
37081016010,All Population,2002,"Some college, 1 or more years, no degree","Census Tract 160.10, Guilford County, North Carolina",315,0.15734265734265734
37081016010,All Population,2002,"Some college, less than 1 year","Census Tract 160.10, Guilford County, North Carolina",112,0.055944055944055944
37081016010,All Population,2002,Total Population,"Census Tract 160.10, Guilford County, North Carolina",2002,1
37081016011,All Population,4259,10th grade,"Census Tract 160.11, Guilford County, North Carolina",120,0.02817562808170932
37081016011,All Population,4259,11th grade,"Census Tract 160.11, Guilford County, North Carolina",0,0
37081016011,All Population,4259,"12th grade, no diploma","Census Tract 160.11, Guilford County, North Carolina",41,0.009626672927917352
37081016011,All Population,4259,5th and 6th grade,"Census Tract 160.11, Guilford County, North Carolina",0,0
37081016011,All Population,4259,7th and 8th grade,"Census Tract 160.11, Guilford County, North Carolina",71,0.016670579948344682
37081016011,All Population,4259,9th grade,"Census Tract 160.11, Guilford County, North Carolina",1,2.3479690068091102e-4
37081016011,All Population,4259,Associate's degree,"Census Tract 160.11, Guilford County, North Carolina",372,0.0873444470532989
37081016011,All Population,4259,Bachelor's degree,"Census Tract 160.11, Guilford County, North Carolina",1144,0.2686076543789622
37081016011,All Population,4259,Doctorate degree,"Census Tract 160.11, Guilford County, North Carolina",51,0.011974641934726462
37081016011,All Population,4259,High school graduate (includes equivalency),"Census Tract 160.11, Guilford County, North Carolina",846,0.1986381779760507
37081016011,All Population,4259,Master's degree,"Census Tract 160.11, Guilford County, North Carolina",455,0.10683258980981451
37081016011,All Population,4259,No schooling completed,"Census Tract 160.11, Guilford County, North Carolina",36,0.008452688424512796
37081016011,All Population,4259,Nursery to 4th grade,"Census Tract 160.11, Guilford County, North Carolina",0,0
37081016011,All Population,4259,Professional school degree,"Census Tract 160.11, Guilford County, North Carolina",0,0
37081016011,All Population,4259,"Some college, 1 or more years, no degree","Census Tract 160.11, Guilford County, North Carolina",756,0.1775064569147687
37081016011,All Population,4259,"Some college, less than 1 year","Census Tract 160.11, Guilford County, North Carolina",366,0.08593566564921343
37081016011,All Population,4259,Total Population,"Census Tract 160.11, Guilford County, North Carolina",4259,1
37081016101,All Population,3373,10th grade,"Census Tract 161.01, Guilford County, North Carolina",49,0.014527127186480878
37081016101,All Population,3373,11th grade,"Census Tract 161.01, Guilford County, North Carolina",42,0.012451823302697895
37081016101,All Population,3373,"12th grade, no diploma","Census Tract 161.01, Guilford County, North Carolina",21,0.006225911651348948
37081016101,All Population,3373,5th and 6th grade,"Census Tract 161.01, Guilford County, North Carolina",12,0.0035576638007708272
37081016101,All Population,3373,7th and 8th grade,"Census Tract 161.01, Guilford County, North Carolina",62,0.018381262970649275
37081016101,All Population,3373,9th grade,"Census Tract 161.01, Guilford County, North Carolina",47,0.01393418321968574
37081016101,All Population,3373,Associate's degree,"Census Tract 161.01, Guilford County, North Carolina",258,0.07648977171657279
37081016101,All Population,3373,Bachelor's degree,"Census Tract 161.01, Guilford County, North Carolina",1146,0.339756892973614
37081016101,All Population,3373,Doctorate degree,"Census Tract 161.01, Guilford County, North Carolina",159,0.04713904536021346
37081016101,All Population,3373,High school graduate (includes equivalency),"Census Tract 161.01, Guilford County, North Carolina",567,0.1680996145864216
37081016101,All Population,3373,Master's degree,"Census Tract 161.01, Guilford County, North Carolina",469,0.13904536021345984
37081016101,All Population,3373,No schooling completed,"Census Tract 161.01, Guilford County, North Carolina",8,0.0023717758671805513
37081016101,All Population,3373,Nursery to 4th grade,"Census Tract 161.01, Guilford County, North Carolina",11,0.003261191817373258
37081016101,All Population,3373,Professional school degree,"Census Tract 161.01, Guilford County, North Carolina",27,0.008004743551734361
37081016101,All Population,3373,"Some college, 1 or more years, no degree","Census Tract 161.01, Guilford County, North Carolina",383,0.1135487696412689
37081016101,All Population,3373,"Some college, less than 1 year","Census Tract 161.01, Guilford County, North Carolina",112,0.03320486214052772
37081016101,All Population,3373,Total Population,"Census Tract 161.01, Guilford County, North Carolina",3373,1
37081016102,All Population,2953,10th grade,"Census Tract 161.02, Guilford County, North Carolina",0,0
37081016102,All Population,2953,11th grade,"Census Tract 161.02, Guilford County, North Carolina",23,0.0077886894683372844
37081016102,All Population,2953,"12th grade, no diploma","Census Tract 161.02, Guilford County, North Carolina",28,0.009481882831019302
37081016102,All Population,2953,5th and 6th grade,"Census Tract 161.02, Guilford County, North Carolina",56,0.018963765662038605
37081016102,All Population,2953,7th and 8th grade,"Census Tract 161.02, Guilford County, North Carolina",0,0
37081016102,All Population,2953,9th grade,"Census Tract 161.02, Guilford County, North Carolina",9,0.0030477480528276328
37081016102,All Population,2953,Associate's degree,"Census Tract 161.02, Guilford County, North Carolina",406,0.13748730104977988
37081016102,All Population,2953,Bachelor's degree,"Census Tract 161.02, Guilford County, North Carolina",716,0.24246528953606503
37081016102,All Population,2953,Doctorate degree,"Census Tract 161.02, Guilford County, North Carolina",28,0.009481882831019302
37081016102,All Population,2953,High school graduate (includes equivalency),"Census Tract 161.02, Guilford County, North Carolina",658,0.2228242465289536
37081016102,All Population,2953,Master's degree,"Census Tract 161.02, Guilford County, North Carolina",331,0.11208940060954961
37081016102,All Population,2953,No schooling completed,"Census Tract 161.02, Guilford County, North Carolina",51,0.017270572299356586
37081016102,All Population,2953,Nursery to 4th grade,"Census Tract 161.02, Guilford County, North Carolina",3,0.001015916017609211
37081016102,All Population,2953,Professional school degree,"Census Tract 161.02, Guilford County, North Carolina",44,0.014900101591601761
37081016102,All Population,2953,"Some college, 1 or more years, no degree","Census Tract 161.02, Guilford County, North Carolina",522,0.17676938706400272
37081016102,All Population,2953,"Some college, less than 1 year","Census Tract 161.02, Guilford County, North Carolina",78,0.026413816457839485
37081016102,All Population,2953,Total Population,"Census Tract 161.02, Guilford County, North Carolina",2953,1
37081016103,All Population,4038,10th grade,"Census Tract 161.03, Guilford County, North Carolina",34,0.008420009905894007
37081016103,All Population,4038,11th grade,"Census Tract 161.03, Guilford County, North Carolina",23,0.005695889053987122
37081016103,All Population,4038,"12th grade, no diploma","Census Tract 161.03, Guilford County, North Carolina",67,0.01659237246161466
37081016103,All Population,4038,5th and 6th grade,"Census Tract 161.03, Guilford County, North Carolina",1,2.4764735017335313e-4
37081016103,All Population,4038,7th and 8th grade,"Census Tract 161.03, Guilford County, North Carolina",36,0.008915304606240713
37081016103,All Population,4038,9th grade,"Census Tract 161.03, Guilford County, North Carolina",39,0.009658246656760773
37081016103,All Population,4038,Associate's degree,"Census Tract 161.03, Guilford County, North Carolina",612,0.1515601783060921
37081016103,All Population,4038,Bachelor's degree,"Census Tract 161.03, Guilford County, North Carolina",872,0.21594848935116395
37081016103,All Population,4038,Doctorate degree,"Census Tract 161.03, Guilford County, North Carolina",102,0.02526002971768202
37081016103,All Population,4038,High school graduate (includes equivalency),"Census Tract 161.03, Guilford County, North Carolina",717,0.1775631500742942
37081016103,All Population,4038,Master's degree,"Census Tract 161.03, Guilford County, North Carolina",573,0.14190193164933135
37081016103,All Population,4038,No schooling completed,"Census Tract 161.03, Guilford County, North Carolina",58,0.014363546310054482
37081016103,All Population,4038,Nursery to 4th grade,"Census Tract 161.03, Guilford County, North Carolina",0,0
37081016103,All Population,4038,Professional school degree,"Census Tract 161.03, Guilford County, North Carolina",12,0.0029717682020802376
37081016103,All Population,4038,"Some college, 1 or more years, no degree","Census Tract 161.03, Guilford County, North Carolina",767,0.18994551758296185
37081016103,All Population,4038,"Some college, less than 1 year","Census Tract 161.03, Guilford County, North Carolina",125,0.030955918771669144
37081016103,All Population,4038,Total Population,"Census Tract 161.03, Guilford County, North Carolina",4038,1
37081016201,All Population,4461,10th grade,"Census Tract 162.01, Guilford County, North Carolina",13,0.0029141448105805875
37081016201,All Population,4461,11th grade,"Census Tract 162.01, Guilford County, North Carolina",0,0
37081016201,All Population,4461,"12th grade, no diploma","Census Tract 162.01, Guilford County, North Carolina",24,0.005379959650302623
37081016201,All Population,4461,5th and 6th grade,"Census Tract 162.01, Guilford County, North Carolina",0,0
37081016201,All Population,4461,7th and 8th grade,"Census Tract 162.01, Guilford County, North Carolina",0,0
37081016201,All Population,4461,9th grade,"Census Tract 162.01, Guilford County, North Carolina",0,0
37081016201,All Population,4461,Associate's degree,"Census Tract 162.01, Guilford County, North Carolina",328,0.0735261152208025
37081016201,All Population,4461,Bachelor's degree,"Census Tract 162.01, Guilford County, North Carolina",1329,0.29791526563550774
37081016201,All Population,4461,Doctorate degree,"Census Tract 162.01, Guilford County, North Carolina",145,0.03250392288724501
37081016201,All Population,4461,High school graduate (includes equivalency),"Census Tract 162.01, Guilford County, North Carolina",924,0.20712844653665097
37081016201,All Population,4461,Master's degree,"Census Tract 162.01, Guilford County, North Carolina",618,0.13853396099529253
37081016201,All Population,4461,No schooling completed,"Census Tract 162.01, Guilford County, North Carolina",22,0.004931629679444071
37081016201,All Population,4461,Nursery to 4th grade,"Census Tract 162.01, Guilford County, North Carolina",73,0.016364043936337145
37081016201,All Population,4461,Professional school degree,"Census Tract 162.01, Guilford County, North Carolina",182,0.04079802734812822
37081016201,All Population,4461,"Some college, 1 or more years, no degree","Census Tract 162.01, Guilford County, North Carolina",538,0.12060076216095046
37081016201,All Population,4461,"Some college, less than 1 year","Census Tract 162.01, Guilford County, North Carolina",265,0.05940372113875812
37081016201,All Population,4461,Total Population,"Census Tract 162.01, Guilford County, North Carolina",4461,1
37081016203,All Population,3449,10th grade,"Census Tract 162.03, Guilford County, North Carolina",56,0.016236590316033632
37081016203,All Population,3449,11th grade,"Census Tract 162.03, Guilford County, North Carolina",30,0.008698173383589447
37081016203,All Population,3449,"12th grade, no diploma","Census Tract 162.03, Guilford County, North Carolina",15,0.004349086691794723
37081016203,All Population,3449,5th and 6th grade,"Census Tract 162.03, Guilford County, North Carolina",0,0
37081016203,All Population,3449,7th and 8th grade,"Census Tract 162.03, Guilford County, North Carolina",13,0.0037692084662220935
37081016203,All Population,3449,9th grade,"Census Tract 162.03, Guilford County, North Carolina",8,0.002319512902290519
37081016203,All Population,3449,Associate's degree,"Census Tract 162.03, Guilford County, North Carolina",349,0.10118875036242389
37081016203,All Population,3449,Bachelor's degree,"Census Tract 162.03, Guilford County, North Carolina",1004,0.29109886923746014
37081016203,All Population,3449,Doctorate degree,"Census Tract 162.03, Guilford County, North Carolina",30,0.008698173383589447
37081016203,All Population,3449,High school graduate (includes equivalency),"Census Tract 162.03, Guilford County, North Carolina",775,0.22470281240939402
37081016203,All Population,3449,Master's degree,"Census Tract 162.03, Guilford County, North Carolina",377,0.10930704552044071
37081016203,All Population,3449,No schooling completed,"Census Tract 162.03, Guilford County, North Carolina",28,0.008118295158016816
37081016203,All Population,3449,Nursery to 4th grade,"Census Tract 162.03, Guilford County, North Carolina",23,0.006668599594085242
37081016203,All Population,3449,Professional school degree,"Census Tract 162.03, Guilford County, North Carolina",58,0.016816468541606264
37081016203,All Population,3449,"Some college, 1 or more years, no degree","Census Tract 162.03, Guilford County, North Carolina",626,0.1815018846042331
37081016203,All Population,3449,"Some college, less than 1 year","Census Tract 162.03, Guilford County, North Carolina",57,0.016526529428819946
37081016203,All Population,3449,Total Population,"Census Tract 162.03, Guilford County, North Carolina",3449,1
37081016204,All Population,2530,10th grade,"Census Tract 162.04, Guilford County, North Carolina",16,0.006324110671936759
37081016204,All Population,2530,11th grade,"Census Tract 162.04, Guilford County, North Carolina",9,0.0035573122529644267
37081016204,All Population,2530,"12th grade, no diploma","Census Tract 162.04, Guilford County, North Carolina",0,0
37081016204,All Population,2530,5th and 6th grade,"Census Tract 162.04, Guilford County, North Carolina",0,0
37081016204,All Population,2530,7th and 8th grade,"Census Tract 162.04, Guilford County, North Carolina",28,0.011067193675889328
37081016204,All Population,2530,9th grade,"Census Tract 162.04, Guilford County, North Carolina",4,0.0015810276679841897
37081016204,All Population,2530,Associate's degree,"Census Tract 162.04, Guilford County, North Carolina",171,0.06758893280632411
37081016204,All Population,2530,Bachelor's degree,"Census Tract 162.04, Guilford County, North Carolina",813,0.32134387351778654
37081016204,All Population,2530,Doctorate degree,"Census Tract 162.04, Guilford County, North Carolina",70,0.02766798418972332
37081016204,All Population,2530,High school graduate (includes equivalency),"Census Tract 162.04, Guilford County, North Carolina",488,0.19288537549407114
37081016204,All Population,2530,Master's degree,"Census Tract 162.04, Guilford County, North Carolina",327,0.1292490118577075
37081016204,All Population,2530,No schooling completed,"Census Tract 162.04, Guilford County, North Carolina",0,0
37081016204,All Population,2530,Nursery to 4th grade,"Census Tract 162.04, Guilford County, North Carolina",0,0
37081016204,All Population,2530,Professional school degree,"Census Tract 162.04, Guilford County, North Carolina",87,0.03438735177865613
37081016204,All Population,2530,"Some college, 1 or more years, no degree","Census Tract 162.04, Guilford County, North Carolina",374,0.14782608695652175
37081016204,All Population,2530,"Some college, less than 1 year","Census Tract 162.04, Guilford County, North Carolina",143,0.05652173913043478
37081016204,All Population,2530,Total Population,"Census Tract 162.04, Guilford County, North Carolina",2530,1
37081016205,All Population,2679,10th grade,"Census Tract 162.05, Guilford County, North Carolina",23,0.008585293019783502
37081016205,All Population,2679,11th grade,"Census Tract 162.05, Guilford County, North Carolina",28,0.010451661067562523
37081016205,All Population,2679,"12th grade, no diploma","Census Tract 162.05, Guilford County, North Carolina",43,0.01605076521089959
37081016205,All Population,2679,5th and 6th grade,"Census Tract 162.05, Guilford County, North Carolina",0,0
37081016205,All Population,2679,7th and 8th grade,"Census Tract 162.05, Guilford County, North Carolina",23,0.008585293019783502
37081016205,All Population,2679,9th grade,"Census Tract 162.05, Guilford County, North Carolina",0,0
37081016205,All Population,2679,Associate's degree,"Census Tract 162.05, Guilford County, North Carolina",231,0.08622620380739082
37081016205,All Population,2679,Bachelor's degree,"Census Tract 162.05, Guilford County, North Carolina",900,0.335946248600224
37081016205,All Population,2679,Doctorate degree,"Census Tract 162.05, Guilford County, North Carolina",60,0.022396416573348264
37081016205,All Population,2679,High school graduate (includes equivalency),"Census Tract 162.05, Guilford County, North Carolina",290,0.10824934677118328
37081016205,All Population,2679,Master's degree,"Census Tract 162.05, Guilford County, North Carolina",278,0.10377006345651363
37081016205,All Population,2679,No schooling completed,"Census Tract 162.05, Guilford County, North Carolina",97,0.036207540126913025
37081016205,All Population,2679,Nursery to 4th grade,"Census Tract 162.05, Guilford County, North Carolina",22,0.008212019410227697
37081016205,All Population,2679,Professional school degree,"Census Tract 162.05, Guilford County, North Carolina",18,0.006718924972004479
37081016205,All Population,2679,"Some college, 1 or more years, no degree","Census Tract 162.05, Guilford County, North Carolina",524,0.1955953714072415
37081016205,All Population,2679,"Some college, less than 1 year","Census Tract 162.05, Guilford County, North Carolina",142,0.05300485255692423
37081016205,All Population,2679,Total Population,"Census Tract 162.05, Guilford County, North Carolina",2679,1
37081016303,All Population,2501,10th grade,"Census Tract 163.03, Guilford County, North Carolina",0,0
37081016303,All Population,2501,11th grade,"Census Tract 163.03, Guilford County, North Carolina",0,0
37081016303,All Population,2501,"12th grade, no diploma","Census Tract 163.03, Guilford County, North Carolina",3,0.0011995201919232307
37081016303,All Population,2501,5th and 6th grade,"Census Tract 163.03, Guilford County, North Carolina",16,0.006397441023590564
37081016303,All Population,2501,7th and 8th grade,"Census Tract 163.03, Guilford County, North Carolina",7,0.0027988804478208716
37081016303,All Population,2501,9th grade,"Census Tract 163.03, Guilford County, North Carolina",44,0.01759296281487405
37081016303,All Population,2501,Associate's degree,"Census Tract 163.03, Guilford County, North Carolina",253,0.10115953618552578
37081016303,All Population,2501,Bachelor's degree,"Census Tract 163.03, Guilford County, North Carolina",734,0.2934826069572171
37081016303,All Population,2501,Doctorate degree,"Census Tract 163.03, Guilford County, North Carolina",0,0
37081016303,All Population,2501,High school graduate (includes equivalency),"Census Tract 163.03, Guilford County, North Carolina",584,0.23350659736105558
37081016303,All Population,2501,Master's degree,"Census Tract 163.03, Guilford County, North Carolina",253,0.10115953618552578
37081016303,All Population,2501,No schooling completed,"Census Tract 163.03, Guilford County, North Carolina",63,0.025189924030387844
37081016303,All Population,2501,Nursery to 4th grade,"Census Tract 163.03, Guilford County, North Carolina",2,7.996801279488205e-4
37081016303,All Population,2501,Professional school degree,"Census Tract 163.03, Guilford County, North Carolina",62,0.024790083966413436
37081016303,All Population,2501,"Some college, 1 or more years, no degree","Census Tract 163.03, Guilford County, North Carolina",317,0.12674930027988804
37081016303,All Population,2501,"Some college, less than 1 year","Census Tract 163.03, Guilford County, North Carolina",163,0.06517393042782887
37081016303,All Population,2501,Total Population,"Census Tract 163.03, Guilford County, North Carolina",2501,1
37081016304,All Population,2629,10th grade,"Census Tract 163.04, Guilford County, North Carolina",0,0
37081016304,All Population,2629,11th grade,"Census Tract 163.04, Guilford County, North Carolina",47,0.01787751996957018
37081016304,All Population,2629,"12th grade, no diploma","Census Tract 163.04, Guilford County, North Carolina",19,0.0072270825408900724
37081016304,All Population,2629,5th and 6th grade,"Census Tract 163.04, Guilford County, North Carolina",0,0
37081016304,All Population,2629,7th and 8th grade,"Census Tract 163.04, Guilford County, North Carolina",27,0.010270064663370103
37081016304,All Population,2629,9th grade,"Census Tract 163.04, Guilford County, North Carolina",29,0.01103081019399011
37081016304,All Population,2629,Associate's degree,"Census Tract 163.04, Guilford County, North Carolina",221,0.08406238113351085
37081016304,All Population,2629,Bachelor's degree,"Census Tract 163.04, Guilford County, North Carolina",923,0.3510840623811335
37081016304,All Population,2629,Doctorate degree,"Census Tract 163.04, Guilford County, North Carolina",90,0.034233548877900345
37081016304,All Population,2629,High school graduate (includes equivalency),"Census Tract 163.04, Guilford County, North Carolina",320,0.12171928489920121
37081016304,All Population,2629,Master's degree,"Census Tract 163.04, Guilford County, North Carolina",352,0.13389121338912133
37081016304,All Population,2629,No schooling completed,"Census Tract 163.04, Guilford County, North Carolina",9,0.003423354887790034
37081016304,All Population,2629,Nursery to 4th grade,"Census Tract 163.04, Guilford County, North Carolina",1,3.803727653100038e-4
37081016304,All Population,2629,Professional school degree,"Census Tract 163.04, Guilford County, North Carolina",46,0.017497147204260176
37081016304,All Population,2629,"Some college, 1 or more years, no degree","Census Tract 163.04, Guilford County, North Carolina",456,0.17344998098136175
37081016304,All Population,2629,"Some college, less than 1 year","Census Tract 163.04, Guilford County, North Carolina",89,0.03385317611259034
37081016304,All Population,2629,Total Population,"Census Tract 163.04, Guilford County, North Carolina",2629,1
37081016305,All Population,2408,10th grade,"Census Tract 163.05, Guilford County, North Carolina",17,0.0070598006644518275
37081016305,All Population,2408,11th grade,"Census Tract 163.05, Guilford County, North Carolina",0,0
37081016305,All Population,2408,"12th grade, no diploma","Census Tract 163.05, Guilford County, North Carolina",35,0.014534883720930232
37081016305,All Population,2408,5th and 6th grade,"Census Tract 163.05, Guilford County, North Carolina",0,0
37081016305,All Population,2408,7th and 8th grade,"Census Tract 163.05, Guilford County, North Carolina",0,0
37081016305,All Population,2408,9th grade,"Census Tract 163.05, Guilford County, North Carolina",8,0.0033222591362126247
37081016305,All Population,2408,Associate's degree,"Census Tract 163.05, Guilford County, North Carolina",237,0.09842192691029901
37081016305,All Population,2408,Bachelor's degree,"Census Tract 163.05, Guilford County, North Carolina",911,0.37832225913621265
37081016305,All Population,2408,Doctorate degree,"Census Tract 163.05, Guilford County, North Carolina",35,0.014534883720930232
37081016305,All Population,2408,High school graduate (includes equivalency),"Census Tract 163.05, Guilford County, North Carolina",312,0.12956810631229235
37081016305,All Population,2408,Master's degree,"Census Tract 163.05, Guilford County, North Carolina",292,0.1212624584717608
37081016305,All Population,2408,No schooling completed,"Census Tract 163.05, Guilford County, North Carolina",23,0.009551495016611296
37081016305,All Population,2408,Nursery to 4th grade,"Census Tract 163.05, Guilford County, North Carolina",0,0
37081016305,All Population,2408,Professional school degree,"Census Tract 163.05, Guilford County, North Carolina",29,0.012043189368770765
37081016305,All Population,2408,"Some college, 1 or more years, no degree","Census Tract 163.05, Guilford County, North Carolina",442,0.18355481727574752
37081016305,All Population,2408,"Some college, less than 1 year","Census Tract 163.05, Guilford County, North Carolina",67,0.02782392026578073
37081016305,All Population,2408,Total Population,"Census Tract 163.05, Guilford County, North Carolina",2408,1
37081016306,All Population,3828,10th grade,"Census Tract 163.06, Guilford County, North Carolina",134,0.03500522466039707
37081016306,All Population,3828,11th grade,"Census Tract 163.06, Guilford County, North Carolina",3,7.836990595611285e-4
37081016306,All Population,3828,"12th grade, no diploma","Census Tract 163.06, Guilford County, North Carolina",0,0
37081016306,All Population,3828,5th and 6th grade,"Census Tract 163.06, Guilford County, North Carolina",0,0
37081016306,All Population,3828,7th and 8th grade,"Census Tract 163.06, Guilford County, North Carolina",0,0
37081016306,All Population,3828,9th grade,"Census Tract 163.06, Guilford County, North Carolina",30,0.007836990595611285
37081016306,All Population,3828,Associate's degree,"Census Tract 163.06, Guilford County, North Carolina",269,0.07027168234064786
37081016306,All Population,3828,Bachelor's degree,"Census Tract 163.06, Guilford County, North Carolina",916,0.2392894461859979
37081016306,All Population,3828,Doctorate degree,"Census Tract 163.06, Guilford County, North Carolina",149,0.038923719958202714
37081016306,All Population,3828,High school graduate (includes equivalency),"Census Tract 163.06, Guilford County, North Carolina",968,0.25287356321839083
37081016306,All Population,3828,Master's degree,"Census Tract 163.06, Guilford County, North Carolina",453,0.11833855799373041
37081016306,All Population,3828,No schooling completed,"Census Tract 163.06, Guilford County, North Carolina",9,0.0023510971786833857
37081016306,All Population,3828,Nursery to 4th grade,"Census Tract 163.06, Guilford County, North Carolina",68,0.017763845350052248
37081016306,All Population,3828,Professional school degree,"Census Tract 163.06, Guilford County, North Carolina",173,0.04519331243469175
37081016306,All Population,3828,"Some college, 1 or more years, no degree","Census Tract 163.06, Guilford County, North Carolina",518,0.13531870428422152
37081016306,All Population,3828,"Some college, less than 1 year","Census Tract 163.06, Guilford County, North Carolina",138,0.03605015673981191
37081016306,All Population,3828,Total Population,"Census Tract 163.06, Guilford County, North Carolina",3828,1
37081016405,All Population,1260,10th grade,"Census Tract 164.05, Guilford County, North Carolina",8,0.006349206349206349
37081016405,All Population,1260,11th grade,"Census Tract 164.05, Guilford County, North Carolina",6,0.004761904761904762
37081016405,All Population,1260,"12th grade, no diploma","Census Tract 164.05, Guilford County, North Carolina",6,0.004761904761904762
37081016405,All Population,1260,5th and 6th grade,"Census Tract 164.05, Guilford County, North Carolina",0,0
37081016405,All Population,1260,7th and 8th grade,"Census Tract 164.05, Guilford County, North Carolina",10,0.007936507936507936
37081016405,All Population,1260,9th grade,"Census Tract 164.05, Guilford County, North Carolina",0,0
37081016405,All Population,1260,Associate's degree,"Census Tract 164.05, Guilford County, North Carolina",188,0.1492063492063492
37081016405,All Population,1260,Bachelor's degree,"Census Tract 164.05, Guilford County, North Carolina",252,0.2
37081016405,All Population,1260,Doctorate degree,"Census Tract 164.05, Guilford County, North Carolina",0,0
37081016405,All Population,1260,High school graduate (includes equivalency),"Census Tract 164.05, Guilford County, North Carolina",333,0.2642857142857143
37081016405,All Population,1260,Master's degree,"Census Tract 164.05, Guilford County, North Carolina",48,0.0380952380952381
37081016405,All Population,1260,No schooling completed,"Census Tract 164.05, Guilford County, North Carolina",16,0.012698412698412698
37081016405,All Population,1260,Nursery to 4th grade,"Census Tract 164.05, Guilford County, North Carolina",0,0
37081016405,All Population,1260,Professional school degree,"Census Tract 164.05, Guilford County, North Carolina",0,0
37081016405,All Population,1260,"Some college, 1 or more years, no degree","Census Tract 164.05, Guilford County, North Carolina",329,0.2611111111111111
37081016405,All Population,1260,"Some college, less than 1 year","Census Tract 164.05, Guilford County, North Carolina",64,0.050793650793650794
37081016405,All Population,1260,Total Population,"Census Tract 164.05, Guilford County, North Carolina",1260,1
37081016406,All Population,3068,10th grade,"Census Tract 164.06, Guilford County, North Carolina",69,0.022490221642764017
37081016406,All Population,3068,11th grade,"Census Tract 164.06, Guilford County, North Carolina",11,0.003585397653194263
37081016406,All Population,3068,"12th grade, no diploma","Census Tract 164.06, Guilford County, North Carolina",0,0
37081016406,All Population,3068,5th and 6th grade,"Census Tract 164.06, Guilford County, North Carolina",0,0
37081016406,All Population,3068,7th and 8th grade,"Census Tract 164.06, Guilford County, North Carolina",34,0.01108213820078227
37081016406,All Population,3068,9th grade,"Census Tract 164.06, Guilford County, North Carolina",29,0.009452411994784877
37081016406,All Population,3068,Associate's degree,"Census Tract 164.06, Guilford County, North Carolina",206,0.06714471968709257
37081016406,All Population,3068,Bachelor's degree,"Census Tract 164.06, Guilford County, North Carolina",849,0.27672750977835725
37081016406,All Population,3068,Doctorate degree,"Census Tract 164.06, Guilford County, North Carolina",65,0.0211864406779661
37081016406,All Population,3068,High school graduate (includes equivalency),"Census Tract 164.06, Guilford County, North Carolina",494,0.16101694915254236
37081016406,All Population,3068,Master's degree,"Census Tract 164.06, Guilford County, North Carolina",524,0.17079530638852672
37081016406,All Population,3068,No schooling completed,"Census Tract 164.06, Guilford County, North Carolina",58,0.018904823989569754
37081016406,All Population,3068,Nursery to 4th grade,"Census Tract 164.06, Guilford County, North Carolina",0,0
37081016406,All Population,3068,Professional school degree,"Census Tract 164.06, Guilford County, North Carolina",46,0.01499348109517601
37081016406,All Population,3068,"Some college, 1 or more years, no degree","Census Tract 164.06, Guilford County, North Carolina",488,0.1590612777053455
37081016406,All Population,3068,"Some college, less than 1 year","Census Tract 164.06, Guilford County, North Carolina",195,0.0635593220338983
37081016406,All Population,3068,Total Population,"Census Tract 164.06, Guilford County, North Carolina",3068,1
37081016407,All Population,3413,10th grade,"Census Tract 164.07, Guilford County, North Carolina",14,0.004101963082332259
37081016407,All Population,3413,11th grade,"Census Tract 164.07, Guilford County, North Carolina",33,0.009668912979783182
37081016407,All Population,3413,"12th grade, no diploma","Census Tract 164.07, Guilford County, North Carolina",38,0.011133899794901847
37081016407,All Population,3413,5th and 6th grade,"Census Tract 164.07, Guilford County, North Carolina",53,0.015528860240257838
37081016407,All Population,3413,7th and 8th grade,"Census Tract 164.07, Guilford County, North Carolina",36,0.01054790506885438
37081016407,All Population,3413,9th grade,"Census Tract 164.07, Guilford County, North Carolina",0,0
37081016407,All Population,3413,Associate's degree,"Census Tract 164.07, Guilford County, North Carolina",170,0.049809551714034575
37081016407,All Population,3413,Bachelor's degree,"Census Tract 164.07, Guilford County, North Carolina",1214,0.3556987987108116
37081016407,All Population,3413,Doctorate degree,"Census Tract 164.07, Guilford County, North Carolina",53,0.015528860240257838
37081016407,All Population,3413,High school graduate (includes equivalency),"Census Tract 164.07, Guilford County, North Carolina",536,0.15704658658072077
37081016407,All Population,3413,Master's degree,"Census Tract 164.07, Guilford County, North Carolina",546,0.1599765602109581
37081016407,All Population,3413,No schooling completed,"Census Tract 164.07, Guilford County, North Carolina",52,0.015235862877234104
37081016407,All Population,3413,Nursery to 4th grade,"Census Tract 164.07, Guilford County, North Carolina",21,0.006152944623498389
37081016407,All Population,3413,Professional school degree,"Census Tract 164.07, Guilford County, North Carolina",58,0.0169938470553765
37081016407,All Population,3413,"Some college, 1 or more years, no degree","Census Tract 164.07, Guilford County, North Carolina",448,0.1312628186346323
37081016407,All Population,3413,"Some college, less than 1 year","Census Tract 164.07, Guilford County, North Carolina",141,0.041312628186346324
37081016407,All Population,3413,Total Population,"Census Tract 164.07, Guilford County, North Carolina",3413,1
37081016408,All Population,1488,10th grade,"Census Tract 164.08, Guilford County, North Carolina",23,0.015456989247311828
37081016408,All Population,1488,11th grade,"Census Tract 164.08, Guilford County, North Carolina",13,0.008736559139784945
37081016408,All Population,1488,"12th grade, no diploma","Census Tract 164.08, Guilford County, North Carolina",25,0.016801075268817203
37081016408,All Population,1488,5th and 6th grade,"Census Tract 164.08, Guilford County, North Carolina",0,0
37081016408,All Population,1488,7th and 8th grade,"Census Tract 164.08, Guilford County, North Carolina",12,0.008064516129032258
37081016408,All Population,1488,9th grade,"Census Tract 164.08, Guilford County, North Carolina",0,0
37081016408,All Population,1488,Associate's degree,"Census Tract 164.08, Guilford County, North Carolina",82,0.05510752688172043
37081016408,All Population,1488,Bachelor's degree,"Census Tract 164.08, Guilford County, North Carolina",630,0.42338709677419356
37081016408,All Population,1488,Doctorate degree,"Census Tract 164.08, Guilford County, North Carolina",48,0.03225806451612903
37081016408,All Population,1488,High school graduate (includes equivalency),"Census Tract 164.08, Guilford County, North Carolina",192,0.12903225806451613
37081016408,All Population,1488,Master's degree,"Census Tract 164.08, Guilford County, North Carolina",195,0.1310483870967742
37081016408,All Population,1488,No schooling completed,"Census Tract 164.08, Guilford County, North Carolina",18,0.012096774193548387
37081016408,All Population,1488,Nursery to 4th grade,"Census Tract 164.08, Guilford County, North Carolina",0,0
37081016408,All Population,1488,Professional school degree,"Census Tract 164.08, Guilford County, North Carolina",45,0.03024193548387097
37081016408,All Population,1488,"Some college, 1 or more years, no degree","Census Tract 164.08, Guilford County, North Carolina",117,0.07862903225806452
37081016408,All Population,1488,"Some college, less than 1 year","Census Tract 164.08, Guilford County, North Carolina",88,0.05913978494623656
37081016408,All Population,1488,Total Population,"Census Tract 164.08, Guilford County, North Carolina",1488,1
37081016409,All Population,1783,10th grade,"Census Tract 164.09, Guilford County, North Carolina",7,0.003925967470555244
37081016409,All Population,1783,11th grade,"Census Tract 164.09, Guilford County, North Carolina",7,0.003925967470555244
37081016409,All Population,1783,"12th grade, no diploma","Census Tract 164.09, Guilford County, North Carolina",14,0.007851934941110488
37081016409,All Population,1783,5th and 6th grade,"Census Tract 164.09, Guilford County, North Carolina",5,0.0028042624789680315
37081016409,All Population,1783,7th and 8th grade,"Census Tract 164.09, Guilford County, North Carolina",0,0
37081016409,All Population,1783,9th grade,"Census Tract 164.09, Guilford County, North Carolina",5,0.0028042624789680315
37081016409,All Population,1783,Associate's degree,"Census Tract 164.09, Guilford County, North Carolina",171,0.09590577678070668
37081016409,All Population,1783,Bachelor's degree,"Census Tract 164.09, Guilford County, North Carolina",641,0.3595064498037016
37081016409,All Population,1783,Doctorate degree,"Census Tract 164.09, Guilford County, North Carolina",32,0.0179472798653954
37081016409,All Population,1783,High school graduate (includes equivalency),"Census Tract 164.09, Guilford County, North Carolina",288,0.16152551878855861
37081016409,All Population,1783,Master's degree,"Census Tract 164.09, Guilford County, North Carolina",271,0.1519910263600673
37081016409,All Population,1783,No schooling completed,"Census Tract 164.09, Guilford County, North Carolina",5,0.0028042624789680315
37081016409,All Population,1783,Nursery to 4th grade,"Census Tract 164.09, Guilford County, North Carolina",6,0.0033651149747616375
37081016409,All Population,1783,Professional school degree,"Census Tract 164.09, Guilford County, North Carolina",43,0.02411665731912507
37081016409,All Population,1783,"Some college, 1 or more years, no degree","Census Tract 164.09, Guilford County, North Carolina",212,0.11890072910824454
37081016409,All Population,1783,"Some college, less than 1 year","Census Tract 164.09, Guilford County, North Carolina",76,0.04262478968031408
37081016409,All Population,1783,Total Population,"Census Tract 164.09, Guilford County, North Carolina",1783,1
37081016410,All Population,4001,10th grade,"Census Tract 164.10, Guilford County, North Carolina",72,0.01799550112471882
37081016410,All Population,4001,11th grade,"Census Tract 164.10, Guilford County, North Carolina",42,0.010497375656085979
37081016410,All Population,4001,"12th grade, no diploma","Census Tract 164.10, Guilford County, North Carolina",38,0.0094976255936016
37081016410,All Population,4001,5th and 6th grade,"Census Tract 164.10, Guilford County, North Carolina",18,0.004498875281179705
37081016410,All Population,4001,7th and 8th grade,"Census Tract 164.10, Guilford County, North Carolina",119,0.029742564358910272
37081016410,All Population,4001,9th grade,"Census Tract 164.10, Guilford County, North Carolina",37,0.009247688077980504
37081016410,All Population,4001,Associate's degree,"Census Tract 164.10, Guilford County, North Carolina",234,0.058485378655336165
37081016410,All Population,4001,Bachelor's degree,"Census Tract 164.10, Guilford County, North Carolina",598,0.14946263434141466
37081016410,All Population,4001,Doctorate degree,"Census Tract 164.10, Guilford County, North Carolina",0,0
37081016410,All Population,4001,High school graduate (includes equivalency),"Census Tract 164.10, Guilford County, North Carolina",1510,0.377405648587853
37081016410,All Population,4001,Master's degree,"Census Tract 164.10, Guilford County, North Carolina",165,0.04123969007748063
37081016410,All Population,4001,No schooling completed,"Census Tract 164.10, Guilford County, North Carolina",18,0.004498875281179705
37081016410,All Population,4001,Nursery to 4th grade,"Census Tract 164.10, Guilford County, North Carolina",6,0.0014996250937265683
37081016410,All Population,4001,Professional school degree,"Census Tract 164.10, Guilford County, North Carolina",12,0.0029992501874531365
37081016410,All Population,4001,"Some college, 1 or more years, no degree","Census Tract 164.10, Guilford County, North Carolina",874,0.2184453886528368
37081016410,All Population,4001,"Some college, less than 1 year","Census Tract 164.10, Guilford County, North Carolina",258,0.06448387903024244
37081016410,All Population,4001,Total Population,"Census Tract 164.10, Guilford County, North Carolina",4001,1
37081016502,All Population,4245,10th grade,"Census Tract 165.02, Guilford County, North Carolina",24,0.005653710247349823
37081016502,All Population,4245,11th grade,"Census Tract 165.02, Guilford County, North Carolina",55,0.012956419316843345
37081016502,All Population,4245,"12th grade, no diploma","Census Tract 165.02, Guilford County, North Carolina",29,0.006831566548881037
37081016502,All Population,4245,5th and 6th grade,"Census Tract 165.02, Guilford County, North Carolina",52,0.012249705535924617
37081016502,All Population,4245,7th and 8th grade,"Census Tract 165.02, Guilford County, North Carolina",0,0
37081016502,All Population,4245,9th grade,"Census Tract 165.02, Guilford County, North Carolina",38,0.00895170789163722
37081016502,All Population,4245,Associate's degree,"Census Tract 165.02, Guilford County, North Carolina",276,0.06501766784452297
37081016502,All Population,4245,Bachelor's degree,"Census Tract 165.02, Guilford County, North Carolina",1173,0.2763250883392226
37081016502,All Population,4245,Doctorate degree,"Census Tract 165.02, Guilford County, North Carolina",56,0.013191990577149587
37081016502,All Population,4245,High school graduate (includes equivalency),"Census Tract 165.02, Guilford County, North Carolina",696,0.16395759717314487
37081016502,All Population,4245,Master's degree,"Census Tract 165.02, Guilford County, North Carolina",559,0.13168433451118963
37081016502,All Population,4245,No schooling completed,"Census Tract 165.02, Guilford County, North Carolina",19,0.00447585394581861
37081016502,All Population,4245,Nursery to 4th grade,"Census Tract 165.02, Guilford County, North Carolina",39,0.009187279151943463
37081016502,All Population,4245,Professional school degree,"Census Tract 165.02, Guilford County, North Carolina",198,0.046643109540636045
37081016502,All Population,4245,"Some college, 1 or more years, no degree","Census Tract 165.02, Guilford County, North Carolina",694,0.1634864546525324
37081016502,All Population,4245,"Some college, less than 1 year","Census Tract 165.02, Guilford County, North Carolina",337,0.07938751472320377
37081016502,All Population,4245,Total Population,"Census Tract 165.02, Guilford County, North Carolina",4245,1
37081016503,All Population,3677,10th grade,"Census Tract 165.03, Guilford County, North Carolina",44,0.011966276856132716
37081016503,All Population,3677,11th grade,"Census Tract 165.03, Guilford County, North Carolina",0,0
37081016503,All Population,3677,"12th grade, no diploma","Census Tract 165.03, Guilford County, North Carolina",56,0.015229806907805276
37081016503,All Population,3677,5th and 6th grade,"Census Tract 165.03, Guilford County, North Carolina",19,0.005167255915148218
37081016503,All Population,3677,7th and 8th grade,"Census Tract 165.03, Guilford County, North Carolina",59,0.016045689420723416
37081016503,All Population,3677,9th grade,"Census Tract 165.03, Guilford County, North Carolina",0,0
37081016503,All Population,3677,Associate's degree,"Census Tract 165.03, Guilford County, North Carolina",511,0.13897198803372315
37081016503,All Population,3677,Bachelor's degree,"Census Tract 165.03, Guilford County, North Carolina",903,0.24558063638836009
37081016503,All Population,3677,Doctorate degree,"Census Tract 165.03, Guilford County, North Carolina",167,0.045417459885776446
37081016503,All Population,3677,High school graduate (includes equivalency),"Census Tract 165.03, Guilford County, North Carolina",672,0.18275768289366331
37081016503,All Population,3677,Master's degree,"Census Tract 165.03, Guilford County, North Carolina",328,0.08920315474571662
37081016503,All Population,3677,No schooling completed,"Census Tract 165.03, Guilford County, North Carolina",0,0
37081016503,All Population,3677,Nursery to 4th grade,"Census Tract 165.03, Guilford County, North Carolina",0,0
37081016503,All Population,3677,Professional school degree,"Census Tract 165.03, Guilford County, North Carolina",66,0.017949415284199074
37081016503,All Population,3677,"Some college, 1 or more years, no degree","Census Tract 165.03, Guilford County, North Carolina",712,0.1936361163992385
37081016503,All Population,3677,"Some college, less than 1 year","Census Tract 165.03, Guilford County, North Carolina",140,0.03807451726951319
37081016503,All Population,3677,Total Population,"Census Tract 165.03, Guilford County, North Carolina",3677,1
37081016505,All Population,4000,10th grade,"Census Tract 165.05, Guilford County, North Carolina",0,0
37081016505,All Population,4000,11th grade,"Census Tract 165.05, Guilford County, North Carolina",77,0.01925
37081016505,All Population,4000,"12th grade, no diploma","Census Tract 165.05, Guilford County, North Carolina",26,0.0065
37081016505,All Population,4000,5th and 6th grade,"Census Tract 165.05, Guilford County, North Carolina",0,0
37081016505,All Population,4000,7th and 8th grade,"Census Tract 165.05, Guilford County, North Carolina",0,0
37081016505,All Population,4000,9th grade,"Census Tract 165.05, Guilford County, North Carolina",0,0
37081016505,All Population,4000,Associate's degree,"Census Tract 165.05, Guilford County, North Carolina",325,0.08125
37081016505,All Population,4000,Bachelor's degree,"Census Tract 165.05, Guilford County, North Carolina",1627,0.40675
37081016505,All Population,4000,Doctorate degree,"Census Tract 165.05, Guilford County, North Carolina",126,0.0315
37081016505,All Population,4000,High school graduate (includes equivalency),"Census Tract 165.05, Guilford County, North Carolina",488,0.122
37081016505,All Population,4000,Master's degree,"Census Tract 165.05, Guilford County, North Carolina",450,0.1125
37081016505,All Population,4000,No schooling completed,"Census Tract 165.05, Guilford County, North Carolina",118,0.0295
37081016505,All Population,4000,Nursery to 4th grade,"Census Tract 165.05, Guilford County, North Carolina",0,0
37081016505,All Population,4000,Professional school degree,"Census Tract 165.05, Guilford County, North Carolina",74,0.0185
37081016505,All Population,4000,"Some college, 1 or more years, no degree","Census Tract 165.05, Guilford County, North Carolina",546,0.1365
37081016505,All Population,4000,"Some college, less than 1 year","Census Tract 165.05, Guilford County, North Carolina",143,0.03575
37081016505,All Population,4000,Total Population,"Census Tract 165.05, Guilford County, North Carolina",4000,1
37081016506,All Population,3334,10th grade,"Census Tract 165.06, Guilford County, North Carolina",51,0.015296940611877625
37081016506,All Population,3334,11th grade,"Census Tract 165.06, Guilford County, North Carolina",11,0.0032993401319736052
37081016506,All Population,3334,"12th grade, no diploma","Census Tract 165.06, Guilford County, North Carolina",73,0.021895620875824834
37081016506,All Population,3334,5th and 6th grade,"Census Tract 165.06, Guilford County, North Carolina",3,8.998200359928015e-4
37081016506,All Population,3334,7th and 8th grade,"Census Tract 165.06, Guilford County, North Carolina",6,0.001799640071985603
37081016506,All Population,3334,9th grade,"Census Tract 165.06, Guilford County, North Carolina",17,0.005098980203959208
37081016506,All Population,3334,Associate's degree,"Census Tract 165.06, Guilford County, North Carolina",315,0.09448110377924415
37081016506,All Population,3334,Bachelor's degree,"Census Tract 165.06, Guilford County, North Carolina",1171,0.35122975404919016
37081016506,All Population,3334,Doctorate degree,"Census Tract 165.06, Guilford County, North Carolina",35,0.010497900419916016
37081016506,All Population,3334,High school graduate (includes equivalency),"Census Tract 165.06, Guilford County, North Carolina",597,0.17906418716256747
37081016506,All Population,3334,Master's degree,"Census Tract 165.06, Guilford County, North Carolina",375,0.11247750449910018
37081016506,All Population,3334,No schooling completed,"Census Tract 165.06, Guilford County, North Carolina",0,0
37081016506,All Population,3334,Nursery to 4th grade,"Census Tract 165.06, Guilford County, North Carolina",27,0.008098380323935212
37081016506,All Population,3334,Professional school degree,"Census Tract 165.06, Guilford County, North Carolina",7,0.0020995800839832034
37081016506,All Population,3334,"Some college, 1 or more years, no degree","Census Tract 165.06, Guilford County, North Carolina",519,0.15566886622675466
37081016506,All Population,3334,"Some college, less than 1 year","Census Tract 165.06, Guilford County, North Carolina",127,0.03809238152369526
37081016506,All Population,3334,Total Population,"Census Tract 165.06, Guilford County, North Carolina",3334,1
37081016600,All Population,1708,10th grade,"Census Tract 166, Guilford County, North Carolina",84,0.04918032786885246
37081016600,All Population,1708,11th grade,"Census Tract 166, Guilford County, North Carolina",79,0.04625292740046839
37081016600,All Population,1708,"12th grade, no diploma","Census Tract 166, Guilford County, North Carolina",20,0.0117096018735363
37081016600,All Population,1708,5th and 6th grade,"Census Tract 166, Guilford County, North Carolina",7,0.004098360655737705
37081016600,All Population,1708,7th and 8th grade,"Census Tract 166, Guilford County, North Carolina",10,0.00585480093676815
37081016600,All Population,1708,9th grade,"Census Tract 166, Guilford County, North Carolina",67,0.039227166276346606
37081016600,All Population,1708,Associate's degree,"Census Tract 166, Guilford County, North Carolina",202,0.11826697892271663
37081016600,All Population,1708,Bachelor's degree,"Census Tract 166, Guilford County, North Carolina",199,0.11651053864168619
37081016600,All Population,1708,Doctorate degree,"Census Tract 166, Guilford County, North Carolina",0,0
37081016600,All Population,1708,High school graduate (includes equivalency),"Census Tract 166, Guilford County, North Carolina",552,0.3231850117096019
37081016600,All Population,1708,Master's degree,"Census Tract 166, Guilford County, North Carolina",49,0.028688524590163935
37081016600,All Population,1708,No schooling completed,"Census Tract 166, Guilford County, North Carolina",60,0.0351288056206089
37081016600,All Population,1708,Nursery to 4th grade,"Census Tract 166, Guilford County, North Carolina",0,0
37081016600,All Population,1708,Professional school degree,"Census Tract 166, Guilford County, North Carolina",0,0
37081016600,All Population,1708,"Some college, 1 or more years, no degree","Census Tract 166, Guilford County, North Carolina",186,0.10889929742388758
37081016600,All Population,1708,"Some college, less than 1 year","Census Tract 166, Guilford County, North Carolina",193,0.1129976580796253
37081016600,All Population,1708,Total Population,"Census Tract 166, Guilford County, North Carolina",1708,1
37081016701,All Population,3693,10th grade,"Census Tract 167.01, Guilford County, North Carolina",87,0.023558082859463852
37081016701,All Population,3693,11th grade,"Census Tract 167.01, Guilford County, North Carolina",0,0
37081016701,All Population,3693,"12th grade, no diploma","Census Tract 167.01, Guilford County, North Carolina",78,0.021121039805036556
37081016701,All Population,3693,5th and 6th grade,"Census Tract 167.01, Guilford County, North Carolina",0,0
37081016701,All Population,3693,7th and 8th grade,"Census Tract 167.01, Guilford County, North Carolina",134,0.03628486325480639
37081016701,All Population,3693,9th grade,"Census Tract 167.01, Guilford County, North Carolina",87,0.023558082859463852
37081016701,All Population,3693,Associate's degree,"Census Tract 167.01, Guilford County, North Carolina",557,0.15082588681288925
37081016701,All Population,3693,Bachelor's degree,"Census Tract 167.01, Guilford County, North Carolina",727,0.19685892228540483
37081016701,All Population,3693,Doctorate degree,"Census Tract 167.01, Guilford County, North Carolina",0,0
37081016701,All Population,3693,High school graduate (includes equivalency),"Census Tract 167.01, Guilford County, North Carolina",814,0.22041700514486867
37081016701,All Population,3693,Master's degree,"Census Tract 167.01, Guilford County, North Carolina",391,0.10587598158678581
37081016701,All Population,3693,No schooling completed,"Census Tract 167.01, Guilford County, North Carolina",17,0.004603303547251557
37081016701,All Population,3693,Nursery to 4th grade,"Census Tract 167.01, Guilford County, North Carolina",2,5.415651232060655e-4
37081016701,All Population,3693,Professional school degree,"Census Tract 167.01, Guilford County, North Carolina",23,0.006227998916869754
37081016701,All Population,3693,"Some college, 1 or more years, no degree","Census Tract 167.01, Guilford County, North Carolina",608,0.16463579745464393
37081016701,All Population,3693,"Some college, less than 1 year","Census Tract 167.01, Guilford County, North Carolina",168,0.045491470349309504
37081016701,All Population,3693,Total Population,"Census Tract 167.01, Guilford County, North Carolina",3693,1
37081016702,All Population,2491,10th grade,"Census Tract 167.02, Guilford County, North Carolina",100,0.04014452027298274
37081016702,All Population,2491,11th grade,"Census Tract 167.02, Guilford County, North Carolina",43,0.017262143717382578
37081016702,All Population,2491,"12th grade, no diploma","Census Tract 167.02, Guilford County, North Carolina",19,0.0076274588518667205
37081016702,All Population,2491,5th and 6th grade,"Census Tract 167.02, Guilford County, North Carolina",42,0.01686069851465275
37081016702,All Population,2491,7th and 8th grade,"Census Tract 167.02, Guilford County, North Carolina",57,0.02288237655560016
37081016702,All Population,2491,9th grade,"Census Tract 167.02, Guilford County, North Carolina",74,0.029706945002007226
37081016702,All Population,2491,Associate's degree,"Census Tract 167.02, Guilford County, North Carolina",343,0.1376957045363308
37081016702,All Population,2491,Bachelor's degree,"Census Tract 167.02, Guilford County, North Carolina",323,0.12966680048173423
37081016702,All Population,2491,Doctorate degree,"Census Tract 167.02, Guilford County, North Carolina",0,0
37081016702,All Population,2491,High school graduate (includes equivalency),"Census Tract 167.02, Guilford County, North Carolina",945,0.3793657165796869
37081016702,All Population,2491,Master's degree,"Census Tract 167.02, Guilford County, North Carolina",64,0.025692492974708953
37081016702,All Population,2491,No schooling completed,"Census Tract 167.02, Guilford County, North Carolina",22,0.008831794460056202
37081016702,All Population,2491,Nursery to 4th grade,"Census Tract 167.02, Guilford County, North Carolina",0,0
37081016702,All Population,2491,Professional school degree,"Census Tract 167.02, Guilford County, North Carolina",0,0
37081016702,All Population,2491,"Some college, 1 or more years, no degree","Census Tract 167.02, Guilford County, North Carolina",308,0.12364512244078683
37081016702,All Population,2491,"Some college, less than 1 year","Census Tract 167.02, Guilford County, North Carolina",151,0.06061822561220393
37081016702,All Population,2491,Total Population,"Census Tract 167.02, Guilford County, North Carolina",2491,1
37081016800,All Population,5758,10th grade,"Census Tract 168, Guilford County, North Carolina",137,0.023792983674887115
37081016800,All Population,5758,11th grade,"Census Tract 168, Guilford County, North Carolina",59,0.010246613407433136
37081016800,All Population,5758,"12th grade, no diploma","Census Tract 168, Guilford County, North Carolina",142,0.02466134074331365
37081016800,All Population,5758,5th and 6th grade,"Census Tract 168, Guilford County, North Carolina",87,0.015109412990621744
37081016800,All Population,5758,7th and 8th grade,"Census Tract 168, Guilford County, North Carolina",116,0.020145883987495658
37081016800,All Population,5758,9th grade,"Census Tract 168, Guilford County, North Carolina",152,0.026398054880166725
37081016800,All Population,5758,Associate's degree,"Census Tract 168, Guilford County, North Carolina",533,0.09256686349426885
37081016800,All Population,5758,Bachelor's degree,"Census Tract 168, Guilford County, North Carolina",781,0.13563737408822507
37081016800,All Population,5758,Doctorate degree,"Census Tract 168, Guilford County, North Carolina",15,0.002605071205279611
37081016800,All Population,5758,High school graduate (includes equivalency),"Census Tract 168, Guilford County, North Carolina",2023,0.3513372698853769
37081016800,All Population,5758,Master's degree,"Census Tract 168, Guilford County, North Carolina",355,0.061653351858284126
37081016800,All Population,5758,No schooling completed,"Census Tract 168, Guilford County, North Carolina",94,0.016325112886418896
37081016800,All Population,5758,Nursery to 4th grade,"Census Tract 168, Guilford County, North Carolina",8,0.0013893713094824591
37081016800,All Population,5758,Professional school degree,"Census Tract 168, Guilford County, North Carolina",85,0.014762070163251128
37081016800,All Population,5758,"Some college, 1 or more years, no degree","Census Tract 168, Guilford County, North Carolina",912,0.15838832928100036
37081016800,All Population,5758,"Some college, less than 1 year","Census Tract 168, Guilford County, North Carolina",259,0.04498089614449462
37081016800,All Population,5758,Total Population,"Census Tract 168, Guilford County, North Carolina",5758,1
37081016900,All Population,3207,10th grade,"Census Tract 169, Guilford County, North Carolina",29,0.00904271905207359
37081016900,All Population,3207,11th grade,"Census Tract 169, Guilford County, North Carolina",106,0.0330526972248207
37081016900,All Population,3207,"12th grade, no diploma","Census Tract 169, Guilford County, North Carolina",69,0.021515434985968196
37081016900,All Population,3207,5th and 6th grade,"Census Tract 169, Guilford County, North Carolina",0,0
37081016900,All Population,3207,7th and 8th grade,"Census Tract 169, Guilford County, North Carolina",77,0.024009978172747116
37081016900,All Population,3207,9th grade,"Census Tract 169, Guilford County, North Carolina",21,0.006548175865294668
37081016900,All Population,3207,Associate's degree,"Census Tract 169, Guilford County, North Carolina",345,0.10757717492984098
37081016900,All Population,3207,Bachelor's degree,"Census Tract 169, Guilford County, North Carolina",388,0.12098534455877767
37081016900,All Population,3207,Doctorate degree,"Census Tract 169, Guilford County, North Carolina",37,0.01153726223885251
37081016900,All Population,3207,High school graduate (includes equivalency),"Census Tract 169, Guilford County, North Carolina",1275,0.39756782039289057
37081016900,All Population,3207,Master's degree,"Census Tract 169, Guilford County, North Carolina",151,0.04708450265045214
37081016900,All Population,3207,No schooling completed,"Census Tract 169, Guilford County, North Carolina",46,0.014343623323978797
37081016900,All Population,3207,Nursery to 4th grade,"Census Tract 169, Guilford County, North Carolina",5,0.0015590894917368258
37081016900,All Population,3207,Professional school degree,"Census Tract 169, Guilford County, North Carolina",50,0.015590894917368257
37081016900,All Population,3207,"Some college, 1 or more years, no degree","Census Tract 169, Guilford County, North Carolina",354,0.11038353601496725
37081016900,All Population,3207,"Some college, less than 1 year","Census Tract 169, Guilford County, North Carolina",254,0.07920174618023075
37081016900,All Population,3207,Total Population,"Census Tract 169, Guilford County, North Carolina",3207,1
37081017000,All Population,3283,10th grade,"Census Tract 170, Guilford County, North Carolina",66,0.020103563813585135
37081017000,All Population,3283,11th grade,"Census Tract 170, Guilford County, North Carolina",24,0.007310386841303686
37081017000,All Population,3283,"12th grade, no diploma","Census Tract 170, Guilford County, North Carolina",72,0.02193116052391106
37081017000,All Population,3283,5th and 6th grade,"Census Tract 170, Guilford County, North Carolina",0,0
37081017000,All Population,3283,7th and 8th grade,"Census Tract 170, Guilford County, North Carolina",14,0.0042643923240938165
37081017000,All Population,3283,9th grade,"Census Tract 170, Guilford County, North Carolina",65,0.01979896436186415
37081017000,All Population,3283,Associate's degree,"Census Tract 170, Guilford County, North Carolina",392,0.11940298507462686
37081017000,All Population,3283,Bachelor's degree,"Census Tract 170, Guilford County, North Carolina",545,0.16600670118793787
37081017000,All Population,3283,Doctorate degree,"Census Tract 170, Guilford County, North Carolina",44,0.013402375875723424
37081017000,All Population,3283,High school graduate (includes equivalency),"Census Tract 170, Guilford County, North Carolina",1261,0.38409990862016447
37081017000,All Population,3283,Master's degree,"Census Tract 170, Guilford County, North Carolina",179,0.05452330185805666
37081017000,All Population,3283,No schooling completed,"Census Tract 170, Guilford County, North Carolina",12,0.003655193420651843
37081017000,All Population,3283,Nursery to 4th grade,"Census Tract 170, Guilford County, North Carolina",0,0
37081017000,All Population,3283,Professional school degree,"Census Tract 170, Guilford County, North Carolina",19,0.005787389582698751
37081017000,All Population,3283,"Some college, 1 or more years, no degree","Census Tract 170, Guilford County, North Carolina",351,0.1069144075540664
37081017000,All Population,3283,"Some college, less than 1 year","Census Tract 170, Guilford County, North Carolina",239,0.07279926896131587
37081017000,All Population,3283,Total Population,"Census Tract 170, Guilford County, North Carolina",3283,1
37081017100,All Population,5246,10th grade,"Census Tract 171, Guilford County, North Carolina",65,0.012390392680137247
37081017100,All Population,5246,11th grade,"Census Tract 171, Guilford County, North Carolina",26,0.004956157072054899
37081017100,All Population,5246,"12th grade, no diploma","Census Tract 171, Guilford County, North Carolina",127,0.0242089210827297
37081017100,All Population,5246,5th and 6th grade,"Census Tract 171, Guilford County, North Carolina",81,0.015440335493709493
37081017100,All Population,5246,7th and 8th grade,"Census Tract 171, Guilford County, North Carolina",0,0
37081017100,All Population,5246,9th grade,"Census Tract 171, Guilford County, North Carolina",0,0
37081017100,All Population,5246,Associate's degree,"Census Tract 171, Guilford County, North Carolina",531,0.10121997712542889
37081017100,All Population,5246,Bachelor's degree,"Census Tract 171, Guilford County, North Carolina",1285,0.24494853221502097
37081017100,All Population,5246,Doctorate degree,"Census Tract 171, Guilford County, North Carolina",132,0.025162028211971027
37081017100,All Population,5246,High school graduate (includes equivalency),"Census Tract 171, Guilford County, North Carolina",1373,0.26172321768966833
37081017100,All Population,5246,Master's degree,"Census Tract 171, Guilford County, North Carolina",463,0.08825772016774686
37081017100,All Population,5246,No schooling completed,"Census Tract 171, Guilford County, North Carolina",13,0.0024780785360274493
37081017100,All Population,5246,Nursery to 4th grade,"Census Tract 171, Guilford County, North Carolina",0,0
37081017100,All Population,5246,Professional school degree,"Census Tract 171, Guilford County, North Carolina",81,0.015440335493709493
37081017100,All Population,5246,"Some college, 1 or more years, no degree","Census Tract 171, Guilford County, North Carolina",551,0.1050324056423942
37081017100,All Population,5246,"Some college, less than 1 year","Census Tract 171, Guilford County, North Carolina",518,0.09874189858940145
37081017100,All Population,5246,Total Population,"Census Tract 171, Guilford County, North Carolina",5246,1
37081017200,All Population,5293,10th grade,"Census Tract 172, Guilford County, North Carolina",57,0.01076894010957869
37081017200,All Population,5293,11th grade,"Census Tract 172, Guilford County, North Carolina",133,0.025127526922350273
37081017200,All Population,5293,"12th grade, no diploma","Census Tract 172, Guilford County, North Carolina",23,0.0043453617986019275
37081017200,All Population,5293,5th and 6th grade,"Census Tract 172, Guilford County, North Carolina",66,0.012469299074249008
37081017200,All Population,5293,7th and 8th grade,"Census Tract 172, Guilford County, North Carolina",43,0.008123937275647081
37081017200,All Population,5293,9th grade,"Census Tract 172, Guilford County, North Carolina",30,0.005667863215567731
37081017200,All Population,5293,Associate's degree,"Census Tract 172, Guilford County, North Carolina",524,0.09899867749858303
37081017200,All Population,5293,Bachelor's degree,"Census Tract 172, Guilford County, North Carolina",1096,0.20706593614207444
37081017200,All Population,5293,Doctorate degree,"Census Tract 172, Guilford County, North Carolina",88,0.016625732098998678
37081017200,All Population,5293,High school graduate (includes equivalency),"Census Tract 172, Guilford County, North Carolina",1627,0.3073871150576233
37081017200,All Population,5293,Master's degree,"Census Tract 172, Guilford County, North Carolina",447,0.08445116191195919
37081017200,All Population,5293,No schooling completed,"Census Tract 172, Guilford County, North Carolina",22,0.0041564330247496695
37081017200,All Population,5293,Nursery to 4th grade,"Census Tract 172, Guilford County, North Carolina",9,0.0017003589646703192
37081017200,All Population,5293,Professional school degree,"Census Tract 172, Guilford County, North Carolina",19,0.0035896467031928964
37081017200,All Population,5293,"Some college, 1 or more years, no degree","Census Tract 172, Guilford County, North Carolina",824,0.15567730965426035
37081017200,All Population,5293,"Some college, less than 1 year","Census Tract 172, Guilford County, North Carolina",285,0.05384470054789344
37081017200,All Population,5293,Total Population,"Census Tract 172, Guilford County, North Carolina",5293,1
37081980100,All Population,0,10th grade,"Census Tract 9801, Guilford County, North Carolina",0,NaN
37081980100,All Population,0,11th grade,"Census Tract 9801, Guilford County, North Carolina",0,NaN
37081980100,All Population,0,"12th grade, no diploma","Census Tract 9801, Guilford County, North Carolina",0,NaN
37081980100,All Population,0,5th and 6th grade,"Census Tract 9801, Guilford County, North Carolina",0,NaN
37081980100,All Population,0,7th and 8th grade,"Census Tract 9801, Guilford County, North Carolina",0,NaN
37081980100,All Population,0,9th grade,"Census Tract 9801, Guilford County, North Carolina",0,NaN
37081980100,All Population,0,Associate's degree,"Census Tract 9801, Guilford County, North Carolina",0,NaN
37081980100,All Population,0,Bachelor's degree,"Census Tract 9801, Guilford County, North Carolina",0,NaN
37081980100,All Population,0,Doctorate degree,"Census Tract 9801, Guilford County, North Carolina",0,NaN
37081980100,All Population,0,High school graduate (includes equivalency),"Census Tract 9801, Guilford County, North Carolina",0,NaN
37081980100,All Population,0,Master's degree,"Census Tract 9801, Guilford County, North Carolina",0,NaN
37081980100,All Population,0,No schooling completed,"Census Tract 9801, Guilford County, North Carolina",0,NaN
37081980100,All Population,0,Nursery to 4th grade,"Census Tract 9801, Guilford County, North Carolina",0,NaN
37081980100,All Population,0,Professional school degree,"Census Tract 9801, Guilford County, North Carolina",0,NaN
37081980100,All Population,0,"Some college, 1 or more years, no degree","Census Tract 9801, Guilford County, North Carolina",0,NaN
37081980100,All Population,0,"Some college, less than 1 year","Census Tract 9801, Guilford County, North Carolina",0,NaN
37081980100,All Population,0,Total Population,"Census Tract 9801, Guilford County, North Carolina",0,NaN
